# File generated by CMD 2.8 (http://stev.oapd.inaf.it/cmd) on Sat May 28 04:13:49 CEST 2016
# PARSEC isochrones, release v1.2S
# Basic references: Bressan et al. (2012), MNRAS, 427, 127 + Chen et al. (2014, 2015), MNRAS, 444, 2525 + MNRAS, 452, 1068 + Tang et al. (2014), MNRAS, 445, 4287
# Warning: you choose not to include the TP-AGB phase!
# Photometric system: <i>UBVRIJHK</i> (cf. Maiz-Apellaniz 2006 + Bessell 1990)
# Using NBC version of bolometric corrections as in Chen et al. (2014), MNRAS, 444, 2525
# BCs of Carbon stars derive from Aringer et al. (2009, A&A 503, 913)
# O-rich circumstellar dust ignored
# C-rich circumstellar dust ignored
# IMF: Chabrier (2001) lognormal 
# On RGB, assumed Reimers mass loss with efficiency eta=0.2
# Kind of output: luminosity functions
#	LF for the isochrone	Z = 0.00152		Age = 	9.90e+09 yr
#	age/yr	bin(mag) 	mbol    U       B       V       R       I       J       H       K
age/yr	bin(mag) 	mbol    U       B       V       R       I       J       H       K
	9.90e+09  19.900        0 9.84e-03        0        0        0        0        0        0        0
	9.90e+09  19.700        0 9.10e-03        0        0        0        0        0        0        0
	9.90e+09  19.500        0 9.02e-03        0        0        0        0        0        0        0
	9.90e+09  19.300        0 9.22e-03        0        0        0        0        0        0        0
	9.90e+09  19.100        0 1.96e-02        0        0        0        0        0        0        0
	9.90e+09  18.900        0 1.80e-02        0        0        0        0        0        0        0
	9.90e+09  18.700        0 1.86e-02        0        0        0        0        0        0        0
	9.90e+09  18.500        0 1.73e-02 1.12e-02        0        0        0        0        0        0
	9.90e+09  18.300        0 1.79e-02 1.31e-02        0        0        0        0        0        0
	9.90e+09  18.100        0 1.67e-02 1.23e-02        0        0        0        0        0        0
	9.90e+09  17.900        0 1.72e-02 1.28e-02        0        0        0        0        0        0
	9.90e+09  17.700        0 1.61e-02 1.20e-02        0        0        0        0        0        0
	9.90e+09  17.500        0 1.66e-02 1.25e-02        0        0        0        0        0        0
	9.90e+09  17.300        0 1.55e-02 1.23e-02        0        0        0        0        0        0
	9.90e+09  17.100        0 2.64e-02 1.16e-02        0        0        0        0        0        0
	9.90e+09  16.900        0 2.89e-02 1.95e-02        0        0        0        0        0        0
	9.90e+09  16.700        0 2.80e-02 2.38e-02        0        0        0        0        0        0
	9.90e+09  16.500        0 2.80e-02 2.32e-02 1.05e-02        0        0        0        0        0
	9.90e+09  16.300        0 2.62e-02 2.35e-02 1.38e-02        0        0        0        0        0
	9.90e+09  16.100        0 3.07e-02 2.20e-02 1.36e-02        0        0        0        0        0
	9.90e+09  15.900        0 3.76e-02 2.15e-02 1.35e-02        0        0        0        0        0
	9.90e+09  15.700        0 3.60e-02 2.10e-02 1.33e-02        0        0        0        0        0
	9.90e+09  15.500        0 3.44e-02 2.06e-02 1.25e-02        0        0        0        0        0
	9.90e+09  15.300        0 4.75e-02 3.17e-02 1.30e-02        0        0        0        0        0
	9.90e+09  15.100        0 4.36e-02 3.59e-02 1.26e-02        0        0        0        0        0
	9.90e+09  14.900        0 4.23e-02 3.45e-02 2.70e-02        0        0        0        0        0
	9.90e+09  14.700        0 3.87e-02 3.31e-02 2.53e-02        0        0        0        0        0
	9.90e+09  14.500        0 4.12e-02 3.76e-02 2.55e-02 9.09e-03        0        0        0        0
	9.90e+09  14.300        0 5.06e-02 4.52e-02 2.40e-02 1.93e-02        0        0        0        0
	9.90e+09  14.100        0 4.68e-02 4.28e-02 2.42e-02 1.90e-02        0        0        0        0
	9.90e+09  13.900        0 4.45e-02 4.87e-02 2.36e-02 1.86e-02        0        0        0        0
	9.90e+09  13.700        0 4.24e-02 5.29e-02 2.22e-02 1.76e-02        0        0        0        0
	9.90e+09  13.500        0 5.09e-02 4.93e-02 3.63e-02 1.80e-02        0        0        0        0
	9.90e+09  13.300        0 4.50e-02 4.60e-02 4.07e-02 3.29e-02        0        0        0        0
	9.90e+09  13.100        0 4.37e-02 5.07e-02 3.78e-02 3.25e-02        0        0        0        0
	9.90e+09  12.900 1.26e-02 4.66e-02 5.58e-02 3.71e-02 3.14e-02        0        0        0        0
	9.90e+09  12.700 3.48e-02 4.21e-02 5.23e-02 5.05e-02 3.04e-02        0        0        0        0
	9.90e+09  12.500 3.37e-02 3.29e-02 4.69e-02 4.95e-02 2.94e-02 1.05e-02        0        0        0
	9.90e+09  12.300 4.11e-02 2.88e-02 5.60e-02 5.29e-02 3.38e-02 2.88e-02        0        0        0
	9.90e+09  12.100 5.30e-02 2.68e-02 5.23e-02 6.00e-02 4.76e-02 2.80e-02        0        0        0
	9.90e+09  11.900 5.02e-02 2.16e-02 4.97e-02 5.41e-02 4.51e-02 2.73e-02        0        0        0
	9.90e+09  11.700 4.76e-02 1.92e-02 5.14e-02 5.02e-02 4.27e-02 4.18e-02        0        0        0
	9.90e+09  11.500 6.36e-02 1.82e-02 4.50e-02 6.21e-02 5.85e-02 4.69e-02        0        0        0
	9.90e+09  11.300 6.32e-02 1.73e-02 3.46e-02 5.98e-02 5.37e-02 4.46e-02        0        0        0
	9.90e+09  11.100 6.82e-02 1.28e-02 3.18e-02 5.44e-02 6.33e-02 4.34e-02        0        0        0
	9.90e+09  10.900 7.04e-02 1.27e-02 2.67e-02 5.77e-02 6.21e-02 5.92e-02 4.21e-03        0        0
	9.90e+09  10.700 7.88e-02 1.18e-02 2.23e-02 5.91e-02 5.83e-02 5.99e-02 4.32e-02        0        0
	9.90e+09  10.500 7.38e-02 1.18e-02 2.09e-02 5.41e-02 6.07e-02 6.20e-02 4.14e-02 9.79e-03        0
	9.90e+09  10.300 6.76e-02 1.06e-02 1.89e-02 5.60e-02 6.68e-02 6.93e-02 5.60e-02 3.56e-02 1.46e-02
	9.90e+09  10.100 7.85e-02 8.91e-03 1.51e-02 4.96e-02 5.90e-02 7.40e-02 6.06e-02 3.44e-02 3.47e-02
	9.90e+09  9.900 6.95e-02 8.64e-03 1.44e-02 3.75e-02 6.17e-02 7.34e-02 5.77e-02 4.24e-02 3.29e-02
	9.90e+09  9.700 7.11e-02 8.38e-03 1.38e-02 3.43e-02 6.24e-02 6.76e-02 6.94e-02 5.67e-02 4.27e-02
	9.90e+09  9.500 6.96e-02 8.13e-03 1.32e-02 2.78e-02 5.91e-02 7.45e-02 7.19e-02 5.25e-02 5.47e-02
	9.90e+09  9.300 6.68e-02 7.89e-03 1.09e-02 2.47e-02 5.99e-02 7.24e-02 7.76e-02 5.21e-02 5.16e-02
	9.90e+09  9.100 6.43e-02 7.96e-03 1.05e-02 2.30e-02 5.08e-02 6.66e-02 7.77e-02 7.21e-02 4.89e-02
	9.90e+09  8.900 4.97e-02 8.01e-03 1.05e-02 1.83e-02 4.11e-02 7.18e-02 8.65e-02 6.64e-02 7.23e-02
	9.90e+09  8.700 4.35e-02 8.04e-03 9.77e-03 1.70e-02 3.54e-02 6.53e-02 7.71e-02 7.89e-02 6.66e-02
	9.90e+09  8.500 3.38e-02 7.80e-03 1.03e-02 1.65e-02 2.90e-02 6.69e-02 7.98e-02 7.71e-02 7.67e-02
	9.90e+09  8.300 3.06e-02 7.56e-03 1.10e-02 1.43e-02 2.68e-02 5.52e-02 7.92e-02 8.31e-02 7.60e-02
	9.90e+09  8.100 2.60e-02 7.18e-03 1.06e-02 1.33e-02 2.24e-02 4.46e-02 7.25e-02 7.31e-02 8.38e-02
	9.90e+09  7.900 2.33e-02 7.35e-03 1.01e-02 1.23e-02 2.02e-02 3.73e-02 7.66e-02 8.09e-02 7.37e-02
	9.90e+09  7.700 2.10e-02 7.14e-03 9.88e-03 1.21e-02 1.90e-02 3.18e-02 7.12e-02 7.66e-02 8.04e-02
	9.90e+09  7.500 1.83e-02 7.37e-03 9.74e-03 1.30e-02 1.68e-02 2.82e-02 6.98e-02 7.24e-02 7.60e-02
	9.90e+09  7.300 1.75e-02 7.10e-03 9.72e-03 1.26e-02 1.53e-02 2.37e-02 5.48e-02 7.54e-02 7.20e-02
	9.90e+09  7.100 1.70e-02 7.54e-03 9.43e-03 1.18e-02 1.48e-02 2.24e-02 4.72e-02 7.01e-02 7.62e-02
	9.90e+09  6.900 1.65e-02 7.72e-03 9.76e-03 1.19e-02 1.51e-02 1.92e-02 3.65e-02 6.78e-02 7.08e-02
	9.90e+09  6.700 1.55e-02 7.48e-03 9.25e-03 1.14e-02 1.48e-02 1.80e-02 3.34e-02 5.33e-02 6.95e-02
	9.90e+09  6.500 1.44e-02 7.64e-03 9.05e-03 1.14e-02 1.43e-02 1.69e-02 2.81e-02 4.52e-02 5.45e-02
	9.90e+09  6.300 1.37e-02 7.37e-03 8.75e-03 1.14e-02 1.35e-02 1.72e-02 2.58e-02 3.59e-02 4.70e-02
	9.90e+09  6.100 1.29e-02 7.39e-03 8.40e-03 1.09e-02 1.33e-02 1.64e-02 2.28e-02 3.25e-02 3.78e-02
	9.90e+09  5.900 1.22e-02 7.27e-03 7.93e-03 1.07e-02 1.28e-02 1.53e-02 2.10e-02 2.73e-02 3.40e-02
	9.90e+09  5.700 1.15e-02 7.00e-03 7.70e-03 1.02e-02 1.24e-02 1.46e-02 2.09e-02 2.55e-02 2.97e-02
	9.90e+09  5.500 1.05e-02 7.10e-03 7.10e-03 9.52e-03 1.18e-02 1.43e-02 2.04e-02 2.48e-02 2.78e-02
	9.90e+09  5.300 9.77e-03 6.87e-03 6.62e-03 8.95e-03 1.11e-02 1.35e-02 1.91e-02 2.28e-02 2.67e-02
	9.90e+09  5.100 9.00e-03 6.40e-03 5.97e-03 8.34e-03 1.03e-02 1.26e-02 1.82e-02 2.59e-02 2.57e-02
	9.90e+09  4.900 8.14e-03 5.95e-03 5.46e-03 7.48e-03 9.60e-03 1.18e-02 1.66e-02 2.49e-02 2.73e-02
	9.90e+09  4.700 7.32e-03 5.47e-03 5.06e-03 6.71e-03 8.76e-03 1.08e-02 1.54e-02 2.32e-02 2.54e-02
	9.90e+09  4.500 6.48e-03 5.14e-03 4.57e-03 5.93e-03 7.65e-03 9.85e-03 1.37e-02 2.02e-02 2.25e-02
	9.90e+09  4.300 5.82e-03 4.66e-03 4.02e-03 5.45e-03 6.70e-03 8.72e-03 1.23e-02 1.73e-02 1.89e-02
	9.90e+09  4.100 5.10e-03 4.09e-03 3.64e-03 4.75e-03 5.95e-03 7.42e-03 1.05e-02 1.48e-02 1.62e-02
	9.90e+09  3.900 4.42e-03 5.46e-03 4.22e-03 4.01e-03 5.16e-03 6.44e-03 8.98e-03 1.27e-02 1.37e-02
	9.90e+09  3.700 3.65e-03 2.21e-03 5.78e-04 3.34e-03 4.36e-03 5.71e-03 7.54e-03 1.01e-02 1.09e-02
	9.90e+09  3.500 2.86e-03 4.64e-04 4.30e-04 2.96e-03 3.60e-03 4.70e-03 6.57e-03 8.56e-03 9.06e-03
	9.90e+09  3.300 2.57e-03 3.78e-04 3.62e-04 1.87e-03 2.71e-03 3.82e-03 5.46e-03 7.16e-03 7.48e-03
	9.90e+09  3.100 9.57e-04 3.20e-04 3.11e-04 5.58e-04 2.33e-03 2.93e-03 4.45e-03 6.18e-03 6.29e-03
	9.90e+09  2.900 5.07e-04 2.81e-04 2.74e-04 4.29e-04 1.28e-03 2.15e-03 3.40e-03 4.87e-03 5.07e-03
	9.90e+09  2.700 4.10e-04 2.41e-04 2.33e-04 3.65e-04 5.49e-04 1.78e-03 2.47e-03 3.71e-03 3.75e-03
	9.90e+09  2.500 3.54e-04 2.06e-04 2.02e-04 3.15e-04 4.25e-04 8.49e-04 1.78e-03 2.76e-03 2.86e-03
	9.90e+09  2.300 3.07e-04 1.77e-04 1.72e-04 2.75e-04 3.66e-04 5.07e-04 1.37e-03 1.92e-03 1.94e-03
	9.90e+09  2.100 2.72e-04 1.48e-04 1.48e-04 2.39e-04 3.18e-04 4.09e-04 8.50e-04 1.38e-03 1.40e-03
	9.90e+09  1.900 2.34e-04 1.34e-04 1.26e-04 2.06e-04 2.79e-04 3.57e-04 5.32e-04 1.03e-03 1.03e-03
	9.90e+09  1.700 2.01e-04 1.17e-04 1.10e-04 1.77e-04 2.42e-04 3.14e-04 4.17e-04 6.49e-04 7.22e-04
	9.90e+09  1.500 1.76e-04 1.89e-04 9.54e-05 1.52e-04 2.07e-04 2.72e-04 3.65e-04 4.82e-04 5.07e-04
	9.90e+09  1.300 1.51e-04 4.23e-04 1.96e-04 1.31e-04 1.82e-04 2.39e-04 3.28e-04 3.98e-04 4.14e-04
	9.90e+09  1.100 1.29e-04 5.58e-04 8.21e-04 1.14e-04 1.55e-04 2.07e-04 2.86e-04 3.56e-04 3.66e-04
	9.90e+09  0.900 1.12e-04 1.09e-04 7.83e-05 9.71e-05 1.34e-04 1.76e-04 2.56e-04 3.19e-04 3.26e-04
	9.90e+09  0.700 9.80e-05 1.27e-04 5.28e-05 8.51e-05 1.16e-04 1.55e-04 2.21e-04 2.86e-04 2.96e-04
	9.90e+09  0.500 8.40e-05 3.23e-05 7.55e-05 8.28e-04 1.01e-04 1.32e-04 1.89e-04 2.51e-04 2.59e-04
	9.90e+09  0.300 8.17e-04        0 5.75e-05 1.89e-04 8.55e-05 1.16e-04 1.69e-04 2.22e-04 2.32e-04
	9.90e+09  0.100 1.72e-04        0 4.54e-05 5.80e-05 7.99e-04 9.90e-05 1.43e-04 1.92e-04 1.99e-04
	9.90e+09  -0.100 9.18e-05        0 3.75e-05 4.67e-05 2.15e-04 8.66e-05 1.25e-04 1.65e-04 1.74e-04
	9.90e+09  -0.300 4.67e-05        0 3.74e-05 6.41e-05 7.09e-05 7.99e-04 1.09e-04 1.47e-04 1.51e-04
	9.90e+09  -0.500 4.04e-05        0 3.83e-05 5.12e-05 4.89e-05 1.41e-04 9.44e-05 1.25e-04 1.33e-04
	9.90e+09  -0.700 6.32e-05        0 1.07e-05 4.40e-05 4.10e-05 1.46e-04 4.17e-04 1.11e-04 1.15e-04
	9.90e+09  -0.900 4.38e-05        0        0 3.66e-05 6.53e-05 4.93e-05 4.91e-04 9.67e-05 1.01e-04
	9.90e+09  -1.100 3.79e-05        0        0 3.00e-05 4.57e-05 4.17e-05 1.01e-04 2.05e-04 8.76e-05
	9.90e+09  -1.300 3.28e-05        0        0 2.74e-05 3.94e-05 6.00e-05 1.56e-04 6.93e-04 7.85e-04
	9.90e+09  -1.500 2.67e-05        0        0 2.34e-05 3.32e-05 4.59e-05 4.82e-05 1.08e-04 1.33e-04
	9.90e+09  -1.700 2.29e-05        0        0 2.04e-05 2.70e-05 3.98e-05 4.09e-05 7.93e-05 8.06e-05
	9.90e+09  -1.900 2.15e-05        0        0 1.64e-05 2.48e-05 3.47e-05 5.23e-05 1.39e-04 1.51e-04
	9.90e+09  -2.100 1.84e-05        0        0 1.26e-05 2.21e-05 2.91e-05 4.74e-05 4.31e-05 4.61e-05
	9.90e+09  -2.300 1.57e-05        0        0 8.08e-06 1.80e-05 2.40e-05 3.99e-05 3.77e-05 3.85e-05
	9.90e+09  -2.500 1.35e-05        0        0        0 1.52e-05 2.28e-05 3.44e-05 5.47e-05 4.96e-05
	9.90e+09  -2.700 1.11e-05        0        0        0 1.29e-05 1.99e-05 3.04e-05 4.22e-05 4.65e-05
	9.90e+09  -2.900 9.45e-06        0        0        0 9.65e-06 1.64e-05 2.57e-05 3.70e-05 3.79e-05
	9.90e+09  -3.100 6.96e-06        0        0        0 9.35e-06 1.42e-05 2.14e-05 3.20e-05 3.39e-05
	9.90e+09  -3.300 7.50e-06        0        0        0 4.26e-06 1.18e-05 2.06e-05 2.87e-05 2.96e-05
	9.90e+09  -3.500 5.09e-06        0        0        0        0 9.73e-06 1.84e-05 2.44e-05 2.61e-05
	9.90e+09  -3.700        0        0        0        0        0 7.91e-06 1.55e-05 2.07e-05 2.17e-05
	9.90e+09  -3.900        0        0        0        0        0 7.40e-06 1.40e-05 1.90e-05 1.92e-05
	9.90e+09  -4.100        0        0        0        0        0 2.80e-06 1.07e-05 1.79e-05 1.86e-05
	9.90e+09  -4.300        0        0        0        0        0        0 1.02e-05 1.57e-05 1.66e-05
	9.90e+09  -4.500        0        0        0        0        0        0 7.95e-06 1.36e-05 1.40e-05
	9.90e+09  -4.700        0        0        0        0        0        0 6.53e-06 1.28e-05 1.28e-05
	9.90e+09  -4.900        0        0        0        0        0        0 7.04e-06 9.47e-06 1.10e-05
	9.90e+09  -5.100        0        0        0        0        0        0 4.71e-06 9.49e-06 9.22e-06
	9.90e+09  -5.300        0        0        0        0        0        0        0 7.40e-06 8.81e-06
	9.90e+09  -5.500        0        0        0        0        0        0        0 5.94e-06 6.19e-06
	9.90e+09  -5.700        0        0        0        0        0        0        0 6.91e-06 6.17e-06
	9.90e+09  -5.900        0        0        0        0        0        0        0 4.90e-06 5.81e-06
	9.90e+09  -6.100        0        0        0        0        0        0        0 1.21e-06 4.52e-06
	9.90e+09  -6.300        0        0        0        0        0        0        0        0        0
	9.90e+09  -6.500        0        0        0        0        0        0        0        0        0
	9.90e+09  -6.700        0        0        0        0        0        0        0        0        0
	9.90e+09  -6.900        0        0        0        0        0        0        0        0        0
	9.90e+09  -7.100        0        0        0        0        0        0        0        0        0
	9.90e+09  -7.300        0        0        0        0        0        0        0        0        0
	9.90e+09  -7.500        0        0        0        0        0        0        0        0        0
	9.90e+09  -7.700        0        0        0        0        0        0        0        0        0
	9.90e+09  -7.900        0        0        0        0        0        0        0        0        0
	9.90e+09  -8.100        0        0        0        0        0        0        0        0        0
	9.90e+09  -8.300        0        0        0        0        0        0        0        0        0
	9.90e+09  -8.500        0        0        0        0        0        0        0        0        0
	9.90e+09  -8.700        0        0        0        0        0        0        0        0        0
	9.90e+09  -8.900        0        0        0        0        0        0        0        0        0
	9.90e+09  -9.100        0        0        0        0        0        0        0        0        0
	9.90e+09  -9.300        0        0        0        0        0        0        0        0        0
	9.90e+09  -9.500        0        0        0        0        0        0        0        0        0
	9.90e+09  -9.700        0        0        0        0        0        0        0        0        0
	9.90e+09  -9.900        0        0        0        0        0        0        0        0        0
	9.90e+09  -10.100        0        0        0        0        0        0        0        0        0
	9.90e+09  -10.300        0        0        0        0        0        0        0        0        0
	9.90e+09  -10.500        0        0        0        0        0        0        0        0        0
	9.90e+09  -10.700        0        0        0        0        0        0        0        0        0
	9.90e+09  -10.900        0        0        0        0        0        0        0        0        0
	9.90e+09  -11.100        0        0        0        0        0        0        0        0        0
	9.90e+09  -11.300        0        0        0        0        0        0        0        0        0
	9.90e+09  -11.500        0        0        0        0        0        0        0        0        0
	9.90e+09  -11.700        0        0        0        0        0        0        0        0        0
	9.90e+09  -11.900        0        0        0        0        0        0        0        0        0
	9.90e+09  -12.100        0        0        0        0        0        0        0        0        0
	9.90e+09  -12.300        0        0        0        0        0        0        0        0        0
	9.90e+09  -12.500        0        0        0        0        0        0        0        0        0
	9.90e+09  -12.700        0        0        0        0        0        0        0        0        0
	9.90e+09  -12.900        0        0        0        0        0        0        0        0        0
	9.90e+09  -13.100        0        0        0        0        0        0        0        0        0
	9.90e+09  -13.300        0        0        0        0        0        0        0        0        0
	9.90e+09  -13.500        0        0        0        0        0        0        0        0        0
	9.90e+09  -13.700        0        0        0        0        0        0        0        0        0
	9.90e+09  -13.900        0        0        0        0        0        0        0        0        0
	9.90e+09  -14.100        0        0        0        0        0        0        0        0        0
	9.90e+09  -14.300        0        0        0        0        0        0        0        0        0
	9.90e+09  -14.500        0        0        0        0        0        0        0        0        0
	9.90e+09  -14.700        0        0        0        0        0        0        0        0        0
	9.90e+09  -14.900        0        0        0        0        0        0        0        0        0
	9.90e+09  -15.100        0        0        0        0        0        0        0        0        0
	9.90e+09  -15.300        0        0        0        0        0        0        0        0        0
	9.90e+09  -15.500        0        0        0        0        0        0        0        0        0
	9.90e+09  -15.700        0        0        0        0        0        0        0        0        0
	9.90e+09  -15.900        0        0        0        0        0        0        0        0        0
	9.90e+09  -16.100        0        0        0        0        0        0        0        0        0
	9.90e+09  -16.300        0        0        0        0        0        0        0        0        0
	9.90e+09  -16.500        0        0        0        0        0        0        0        0        0
	9.90e+09  -16.700        0        0        0        0        0        0        0        0        0
	9.90e+09  -16.900        0        0        0        0        0        0        0        0        0
	9.90e+09  -17.100        0        0        0        0        0        0        0        0        0
	9.90e+09  -17.300        0        0        0        0        0        0        0        0        0
	9.90e+09  -17.500        0        0        0        0        0        0        0        0        0
	9.90e+09  -17.700        0        0        0        0        0        0        0        0        0
	9.90e+09  -17.900        0        0        0        0        0        0        0        0        0
	9.90e+09  -18.100        0        0        0        0        0        0        0        0        0
	9.90e+09  -18.300        0        0        0        0        0        0        0        0        0
	9.90e+09  -18.500        0        0        0        0        0        0        0        0        0
	9.90e+09  -18.700        0        0        0        0        0        0        0        0        0
	9.90e+09  -18.900        0        0        0        0        0        0        0        0        0
	9.90e+09  -19.100        0        0        0        0        0        0        0        0        0
	9.90e+09  -19.300        0        0        0        0        0        0        0        0        0
	9.90e+09  -19.500        0        0        0        0        0        0        0        0        0
	9.90e+09  -19.700        0        0        0        0        0        0        0        0        0
	9.90e+09  -19.900        0        0        0        0        0        0        0        0        0
