# File generated by CMD 2.8 (http://stev.oapd.inaf.it/cmd) on Tue May 17 17:14:01 CEST 2016
# PARSEC isochrones, release v1.2S
# Basic references: Bressan et al. (2012), MNRAS, 427, 127 + Chen et al. (2014, 2015), MNRAS, 444, 2525 + MNRAS, 452, 1068 + Tang et al. (2014), MNRAS, 445, 4287
# Warning: you choose not to include the TP-AGB phase!
# Photometric system: <i>UBVRIJHK</i> (cf. Maiz-Apellaniz 2006 + Bessell 1990)
# Using NBC version of bolometric corrections as in Chen et al. (2014), MNRAS, 444, 2525
# BCs of Carbon stars derive from Aringer et al. (2009, A&A 503, 913)
# O-rich circumstellar dust ignored
# C-rich circumstellar dust ignored
# IMF: Chabrier (2001) lognormal 
# On RGB, assumed Reimers mass loss with efficiency eta=0.2
# Kind of output: SSP integrated magnitudes
#	Z	Age		mbol    U       B       V       R       I       J       H       K
Z   Age     mbol    U       B       V       R       I       J       H       K
	0.0100	1.00e+09	4.158	4.813	4.693	4.279	3.980	3.694	3.246	2.842	2.782
	0.0101	1.00e+09	4.160	4.816	4.696	4.281	3.981	3.695	3.247	2.843	2.783
	0.0102	1.00e+09	4.162	4.820	4.699	4.283	3.982	3.696	3.247	2.843	2.783
	0.0103	1.00e+09	4.164	4.823	4.702	4.285	3.984	3.697	3.247	2.843	2.783
	0.0104	1.00e+09	4.165	4.827	4.705	4.287	3.985	3.698	3.248	2.843	2.783
	0.0105	1.00e+09	4.167	4.830	4.708	4.288	3.986	3.698	3.248	2.844	2.783
	0.0106	1.00e+09	4.169	4.833	4.711	4.290	3.987	3.699	3.249	2.844	2.783
	0.0107	1.00e+09	4.171	4.837	4.714	4.292	3.988	3.700	3.249	2.844	2.784
	0.0108	1.00e+09	4.172	4.840	4.717	4.294	3.989	3.701	3.249	2.844	2.784
	0.0109	1.00e+09	4.174	4.843	4.719	4.295	3.990	3.702	3.250	2.844	2.784
	0.0110	1.00e+09	4.176	4.846	4.722	4.297	3.992	3.702	3.250	2.844	2.784
	0.0111	1.00e+09	4.177	4.850	4.725	4.299	3.993	3.703	3.250	2.844	2.784
	0.0112	1.00e+09	4.179	4.853	4.728	4.301	3.994	3.704	3.251	2.844	2.784
	0.0113	1.00e+09	4.181	4.856	4.731	4.302	3.995	3.705	3.251	2.845	2.784
	0.0114	1.00e+09	4.182	4.859	4.733	4.304	3.996	3.705	3.251	2.845	2.784
	0.0115	1.00e+09	4.184	4.862	4.736	4.305	3.997	3.706	3.252	2.845	2.784
	0.0116	1.00e+09	4.186	4.865	4.739	4.307	3.998	3.707	3.252	2.845	2.784
	0.0117	1.00e+09	4.187	4.868	4.741	4.309	3.999	3.707	3.252	2.846	2.785
	0.0118	1.00e+09	4.189	4.871	4.744	4.310	4.000	3.708	3.253	2.846	2.785
	0.0119	1.00e+09	4.190	4.874	4.746	4.312	4.001	3.709	3.253	2.846	2.785
	0.0120	1.00e+09	4.192	4.877	4.749	4.313	4.002	3.710	3.254	2.846	2.785
	0.0121	1.00e+09	4.193	4.880	4.752	4.315	4.003	3.710	3.254	2.846	2.785
	0.0122	1.00e+09	4.195	4.883	4.754	4.316	4.004	3.711	3.254	2.847	2.785
	0.0123	1.00e+09	4.196	4.885	4.756	4.318	4.005	3.712	3.254	2.847	2.786
	0.0124	1.00e+09	4.198	4.888	4.759	4.319	4.006	3.712	3.255	2.847	2.785
	0.0125	1.00e+09	4.199	4.891	4.761	4.321	4.007	3.713	3.255	2.847	2.785
	0.0126	1.00e+09	4.201	4.894	4.764	4.322	4.008	3.714	3.255	2.848	2.786
	0.0127	1.00e+09	4.202	4.897	4.766	4.324	4.009	3.714	3.256	2.848	2.786
	0.0128	1.00e+09	4.203	4.899	4.769	4.325	4.010	3.715	3.256	2.848	2.786
	0.0129	1.00e+09	4.205	4.902	4.771	4.327	4.010	3.715	3.256	2.848	2.786
	0.0130	1.00e+09	4.206	4.905	4.774	4.328	4.011	3.716	3.257	2.848	2.786
	0.0131	1.00e+09	4.208	4.907	4.776	4.329	4.012	3.717	3.257	2.848	2.787
	0.0132	1.00e+09	4.209	4.910	4.778	4.331	4.013	3.717	3.257	2.849	2.787
	0.0133	1.00e+09	4.210	4.913	4.781	4.332	4.014	3.718	3.257	2.849	2.787
	0.0134	1.00e+09	4.212	4.915	4.783	4.334	4.015	3.719	3.258	2.849	2.787
	0.0135	1.00e+09	4.213	4.918	4.785	4.335	4.016	3.719	3.258	2.849	2.787
	0.0136	1.00e+09	4.214	4.921	4.787	4.336	4.017	3.720	3.258	2.850	2.788
	0.0137	1.00e+09	4.216	4.923	4.790	4.338	4.017	3.720	3.259	2.850	2.787
	0.0138	1.00e+09	4.217	4.926	4.792	4.339	4.018	3.721	3.259	2.850	2.788
	0.0139	1.00e+09	4.218	4.928	4.794	4.340	4.019	3.721	3.259	2.850	2.788
	0.0140	1.00e+09	4.220	4.931	4.796	4.342	4.020	3.722	3.259	2.850	2.788
	0.0141	1.00e+09	4.222	4.934	4.799	4.344	4.022	3.724	3.262	2.852	2.790
	0.0142	1.00e+09	4.225	4.937	4.802	4.347	4.025	3.727	3.265	2.857	2.795
	0.0143	1.00e+09	4.228	4.940	4.805	4.349	4.026	3.729	3.267	2.859	2.796
	0.0144	1.00e+09	4.230	4.943	4.808	4.351	4.028	3.730	3.268	2.859	2.797
	0.0145	1.00e+09	4.232	4.945	4.810	4.353	4.030	3.731	3.268	2.860	2.797
	0.0146	1.00e+09	4.233	4.948	4.813	4.355	4.031	3.732	3.269	2.860	2.797
	0.0147	1.00e+09	4.235	4.951	4.816	4.357	4.033	3.733	3.269	2.859	2.796
	0.0148	1.00e+09	4.236	4.954	4.818	4.359	4.034	3.734	3.269	2.859	2.796
	0.0149	1.00e+09	4.238	4.957	4.821	4.360	4.035	3.735	3.269	2.859	2.795
	0.0150	1.00e+09	4.239	4.960	4.824	4.362	4.036	3.736	3.269	2.858	2.794
	0.0151	1.00e+09	4.240	4.962	4.826	4.364	4.038	3.736	3.270	2.858	2.794
	0.0152	1.00e+09	4.242	4.965	4.829	4.366	4.039	3.737	3.270	2.857	2.793
	0.0153	1.00e+09	4.243	4.968	4.831	4.367	4.040	3.738	3.270	2.857	2.792
	0.0154	1.00e+09	4.244	4.971	4.834	4.369	4.041	3.739	3.270	2.857	2.792
	0.0155	1.00e+09	4.245	4.973	4.836	4.371	4.042	3.739	3.270	2.856	2.791
	0.0156	1.00e+09	4.247	4.976	4.838	4.372	4.043	3.740	3.269	2.855	2.790
	0.0157	1.00e+09	4.248	4.979	4.841	4.374	4.044	3.740	3.269	2.854	2.789
	0.0158	1.00e+09	4.249	4.981	4.843	4.375	4.045	3.741	3.269	2.854	2.788
	0.0159	1.00e+09	4.250	4.984	4.846	4.377	4.046	3.741	3.269	2.853	2.788
	0.0160	1.00e+09	4.251	4.987	4.848	4.379	4.047	3.742	3.269	2.853	2.787
	0.0161	1.00e+09	4.252	4.989	4.850	4.380	4.048	3.742	3.269	2.852	2.786
	0.0162	1.00e+09	4.253	4.992	4.852	4.381	4.049	3.743	3.268	2.851	2.785
	0.0163	1.00e+09	4.254	4.994	4.855	4.383	4.050	3.743	3.268	2.850	2.784
	0.0164	1.00e+09	4.255	4.997	4.857	4.384	4.051	3.744	3.268	2.849	2.783
	0.0165	1.00e+09	4.257	4.999	4.859	4.386	4.052	3.745	3.268	2.849	2.782
	0.0166	1.00e+09	4.258	5.002	4.862	4.387	4.053	3.745	3.268	2.848	2.781
	0.0167	1.00e+09	4.259	5.004	4.864	4.389	4.054	3.745	3.267	2.848	2.780
	0.0168	1.00e+09	4.260	5.007	4.866	4.390	4.055	3.746	3.267	2.847	2.780
	0.0169	1.00e+09	4.261	5.009	4.868	4.392	4.056	3.746	3.267	2.846	2.779
	0.0170	1.00e+09	4.262	5.012	4.870	4.393	4.057	3.747	3.267	2.846	2.778
	0.0171	1.00e+09	4.263	5.014	4.872	4.394	4.058	3.748	3.268	2.847	2.779
	0.0172	1.00e+09	4.264	5.016	4.874	4.395	4.058	3.748	3.267	2.846	2.778
	0.0173	1.00e+09	4.264	5.019	4.876	4.397	4.059	3.748	3.267	2.845	2.776
	0.0174	1.00e+09	4.265	5.022	4.879	4.398	4.059	3.748	3.266	2.844	2.775
	0.0175	1.00e+09	4.266	5.024	4.881	4.399	4.060	3.748	3.265	2.843	2.774
	0.0176	1.00e+09	4.267	5.027	4.883	4.400	4.061	3.748	3.265	2.842	2.773
	0.0177	1.00e+09	4.268	5.029	4.885	4.401	4.061	3.748	3.264	2.841	2.772
	0.0178	1.00e+09	4.268	5.032	4.887	4.403	4.062	3.748	3.264	2.840	2.771
	0.0179	1.00e+09	4.269	5.034	4.889	4.404	4.062	3.748	3.263	2.839	2.770
	0.0180	1.00e+09	4.270	5.037	4.891	4.405	4.063	3.749	3.263	2.838	2.769
	0.0181	1.00e+09	4.270	5.039	4.893	4.406	4.063	3.748	3.262	2.837	2.767
	0.0182	1.00e+09	4.271	5.041	4.895	4.407	4.064	3.748	3.262	2.836	2.766
	0.0183	1.00e+09	4.271	5.043	4.896	4.408	4.064	3.749	3.261	2.835	2.765
	0.0184	1.00e+09	4.272	5.045	4.898	4.408	4.064	3.748	3.260	2.834	2.764
	0.0185	1.00e+09	4.272	5.047	4.900	4.409	4.065	3.748	3.260	2.833	2.763
	0.0186	1.00e+09	4.273	5.049	4.901	4.410	4.065	3.748	3.259	2.832	2.762
	0.0187	1.00e+09	4.274	5.051	4.903	4.411	4.066	3.748	3.259	2.832	2.761
	0.0188	1.00e+09	4.274	5.054	4.905	4.412	4.066	3.748	3.258	2.830	2.760
	0.0189	1.00e+09	4.275	5.056	4.906	4.413	4.066	3.748	3.257	2.829	2.759
	0.0190	1.00e+09	4.275	5.058	4.908	4.414	4.067	3.748	3.257	2.829	2.758
	0.0191	1.00e+09	4.276	5.060	4.910	4.414	4.067	3.748	3.256	2.828	2.757
	0.0192	1.00e+09	4.276	5.061	4.911	4.415	4.067	3.748	3.256	2.827	2.755
	0.0193	1.00e+09	4.276	5.063	4.913	4.416	4.068	3.748	3.255	2.826	2.754
	0.0194	1.00e+09	4.277	5.065	4.914	4.417	4.068	3.748	3.254	2.825	2.753
	0.0195	1.00e+09	4.277	5.067	4.915	4.417	4.068	3.747	3.254	2.824	2.752
	0.0196	1.00e+09	4.277	5.068	4.917	4.418	4.068	3.747	3.253	2.823	2.751
	0.0197	1.00e+09	4.278	5.070	4.918	4.418	4.068	3.747	3.252	2.822	2.750
	0.0198	1.00e+09	4.278	5.072	4.919	4.419	4.068	3.747	3.252	2.822	2.749
	0.0199	1.00e+09	4.278	5.073	4.920	4.419	4.069	3.747	3.251	2.821	2.749
	0.0200	1.00e+09	4.278	5.075	4.922	4.420	4.069	3.746	3.250	2.819	2.747
	0.0201	1.00e+09	4.280	5.077	4.923	4.421	4.070	3.747	3.251	2.820	2.748
	0.0202	1.00e+09	4.280	5.079	4.925	4.422	4.070	3.747	3.250	2.819	2.746
	0.0203	1.00e+09	4.281	5.081	4.927	4.423	4.071	3.747	3.250	2.818	2.745
	0.0204	1.00e+09	4.281	5.083	4.928	4.424	4.071	3.747	3.250	2.817	2.744
	0.0205	1.00e+09	4.282	5.085	4.930	4.425	4.072	3.748	3.249	2.817	2.744
	0.0206	1.00e+09	4.282	5.087	4.932	4.426	4.072	3.748	3.249	2.816	2.743
	0.0207	1.00e+09	4.283	5.089	4.934	4.427	4.073	3.748	3.249	2.816	2.742
	0.0208	1.00e+09	4.284	5.091	4.935	4.428	4.074	3.748	3.248	2.815	2.741
	0.0209	1.00e+09	4.285	5.093	4.937	4.429	4.074	3.749	3.248	2.815	2.741
	0.0210	1.00e+09	4.285	5.095	4.939	4.430	4.075	3.749	3.248	2.814	2.740
	0.0211	1.00e+09	4.286	5.097	4.941	4.431	4.076	3.749	3.248	2.814	2.739
	0.0212	1.00e+09	4.287	5.099	4.942	4.432	4.076	3.750	3.248	2.813	2.739
	0.0213	1.00e+09	4.287	5.101	4.944	4.434	4.077	3.750	3.247	2.812	2.738
	0.0214	1.00e+09	4.288	5.103	4.946	4.435	4.078	3.750	3.247	2.812	2.737
	0.0215	1.00e+09	4.289	5.105	4.947	4.436	4.078	3.751	3.247	2.812	2.737
	0.0216	1.00e+09	4.290	5.107	4.949	4.437	4.079	3.751	3.247	2.811	2.736
	0.0217	1.00e+09	4.290	5.109	4.951	4.438	4.080	3.751	3.247	2.811	2.736
	0.0218	1.00e+09	4.291	5.111	4.952	4.439	4.081	3.752	3.247	2.811	2.735
	0.0219	1.00e+09	4.292	5.113	4.954	4.440	4.081	3.752	3.247	2.811	2.735
	0.0220	1.00e+09	4.293	5.115	4.956	4.441	4.082	3.752	3.247	2.810	2.734
	0.0221	1.00e+09	4.293	5.117	4.957	4.442	4.083	3.753	3.247	2.810	2.734
	0.0222	1.00e+09	4.294	5.119	4.959	4.443	4.083	3.753	3.247	2.810	2.734
	0.0223	1.00e+09	4.295	5.121	4.960	4.444	4.084	3.754	3.247	2.809	2.733
	0.0224	1.00e+09	4.296	5.123	4.962	4.445	4.085	3.754	3.247	2.809	2.733
	0.0225	1.00e+09	4.296	5.125	4.964	4.446	4.086	3.754	3.247	2.809	2.732
	0.0226	1.00e+09	4.297	5.127	4.965	4.447	4.086	3.755	3.247	2.808	2.732
	0.0227	1.00e+09	4.298	5.129	4.967	4.448	4.087	3.755	3.246	2.808	2.731
	0.0228	1.00e+09	4.299	5.131	4.969	4.449	4.088	3.756	3.247	2.808	2.731
	0.0229	1.00e+09	4.300	5.133	4.970	4.450	4.089	3.756	3.247	2.809	2.731
	0.0230	1.00e+09	4.301	5.135	4.972	4.451	4.089	3.757	3.247	2.808	2.731
	0.0231	1.00e+09	4.301	5.137	4.973	4.452	4.090	3.757	3.247	2.808	2.731
	0.0232	1.00e+09	4.302	5.138	4.975	4.453	4.091	3.757	3.247	2.808	2.730
	0.0233	1.00e+09	4.303	5.140	4.977	4.454	4.091	3.758	3.247	2.808	2.730
	0.0234	1.00e+09	4.304	5.142	4.978	4.456	4.092	3.758	3.247	2.807	2.730
	0.0235	1.00e+09	4.304	5.144	4.980	4.457	4.093	3.759	3.247	2.807	2.729
	0.0236	1.00e+09	4.305	5.146	4.982	4.458	4.094	3.759	3.247	2.808	2.730
	0.0237	1.00e+09	4.306	5.148	4.983	4.459	4.095	3.760	3.248	2.808	2.729
	0.0238	1.00e+09	4.307	5.150	4.985	4.460	4.095	3.760	3.247	2.807	2.729
	0.0239	1.00e+09	4.308	5.152	4.986	4.461	4.096	3.761	3.248	2.808	2.729
	0.0240	1.00e+09	4.309	5.154	4.988	4.462	4.097	3.761	3.248	2.808	2.729
	0.0241	1.00e+09	4.309	5.156	4.989	4.463	4.098	3.762	3.248	2.808	2.729
	0.0242	1.00e+09	4.310	5.157	4.991	4.464	4.098	3.762	3.248	2.808	2.729
	0.0243	1.00e+09	4.311	5.159	4.993	4.465	4.099	3.763	3.248	2.808	2.729
	0.0244	1.00e+09	4.312	5.161	4.994	4.466	4.100	3.764	3.249	2.808	2.729
	0.0245	1.00e+09	4.313	5.163	4.996	4.467	4.101	3.764	3.249	2.808	2.728
	0.0246	1.00e+09	4.314	5.165	4.997	4.468	4.101	3.765	3.249	2.808	2.728
	0.0247	1.00e+09	4.314	5.167	4.999	4.469	4.102	3.765	3.249	2.808	2.728
	0.0248	1.00e+09	4.315	5.169	5.001	4.470	4.103	3.765	3.249	2.807	2.728
	0.0249	1.00e+09	4.316	5.171	5.002	4.471	4.104	3.766	3.249	2.808	2.728
	0.0250	1.00e+09	4.317	5.173	5.004	4.472	4.104	3.767	3.250	2.808	2.728
	0.0251	1.00e+09	4.318	5.174	5.005	4.474	4.105	3.767	3.250	2.808	2.728
	0.0252	1.00e+09	4.319	5.176	5.007	4.475	4.106	3.768	3.250	2.808	2.728
	0.0253	1.00e+09	4.320	5.178	5.008	4.476	4.107	3.768	3.251	2.808	2.728
	0.0254	1.00e+09	4.320	5.180	5.010	4.477	4.107	3.769	3.250	2.808	2.728
	0.0255	1.00e+09	4.321	5.182	5.011	4.478	4.108	3.769	3.251	2.808	2.728
	0.0256	1.00e+09	4.322	5.184	5.013	4.479	4.109	3.770	3.251	2.808	2.728
	0.0257	1.00e+09	4.323	5.186	5.015	4.480	4.110	3.770	3.251	2.809	2.728
	0.0258	1.00e+09	4.324	5.187	5.016	4.481	4.110	3.771	3.251	2.809	2.728
	0.0259	1.00e+09	4.325	5.189	5.018	4.482	4.111	3.771	3.252	2.809	2.728
	0.0260	1.00e+09	4.325	5.191	5.019	4.483	4.112	3.772	3.252	2.809	2.728
	0.0261	1.00e+09	4.326	5.193	5.021	4.484	4.113	3.772	3.252	2.809	2.728
	0.0262	1.00e+09	4.327	5.195	5.022	4.485	4.113	3.773	3.252	2.809	2.728
	0.0263	1.00e+09	4.328	5.196	5.024	4.486	4.114	3.774	3.253	2.809	2.728
	0.0264	1.00e+09	4.329	5.198	5.025	4.487	4.115	3.774	3.253	2.809	2.728
	0.0265	1.00e+09	4.329	5.200	5.027	4.488	4.116	3.774	3.253	2.810	2.728
	0.0266	1.00e+09	4.330	5.202	5.028	4.489	4.116	3.775	3.253	2.810	2.728
	0.0267	1.00e+09	4.331	5.204	5.030	4.490	4.117	3.776	3.254	2.810	2.728
	0.0268	1.00e+09	4.332	5.205	5.031	4.491	4.118	3.776	3.254	2.810	2.728
	0.0269	1.00e+09	4.333	5.207	5.033	4.492	4.119	3.776	3.254	2.810	2.728
	0.0270	1.00e+09	4.334	5.209	5.034	4.493	4.119	3.777	3.255	2.811	2.729
	0.0271	1.00e+09	4.334	5.211	5.036	4.494	4.120	3.778	3.255	2.811	2.728
	0.0272	1.00e+09	4.335	5.213	5.037	4.495	4.121	3.778	3.255	2.810	2.728
	0.0273	1.00e+09	4.336	5.214	5.038	4.495	4.121	3.778	3.255	2.810	2.728
	0.0274	1.00e+09	4.336	5.216	5.040	4.496	4.122	3.779	3.255	2.810	2.728
	0.0275	1.00e+09	4.337	5.218	5.041	4.497	4.122	3.779	3.255	2.811	2.728
	0.0276	1.00e+09	4.338	5.219	5.043	4.498	4.123	3.780	3.255	2.811	2.728
	0.0277	1.00e+09	4.339	5.221	5.044	4.499	4.124	3.780	3.256	2.811	2.728
	0.0278	1.00e+09	4.339	5.223	5.046	4.500	4.124	3.781	3.255	2.811	2.728
	0.0279	1.00e+09	4.340	5.225	5.047	4.501	4.125	3.781	3.256	2.811	2.728
	0.0280	1.00e+09	4.341	5.226	5.048	4.502	4.126	3.782	3.256	2.811	2.728
	0.0281	1.00e+09	4.341	5.228	5.050	4.503	4.126	3.782	3.256	2.811	2.728
	0.0282	1.00e+09	4.342	5.230	5.051	4.504	4.127	3.782	3.256	2.811	2.728
	0.0283	1.00e+09	4.343	5.232	5.053	4.504	4.127	3.782	3.256	2.810	2.727
	0.0284	1.00e+09	4.343	5.233	5.054	4.505	4.128	3.783	3.256	2.810	2.727
	0.0285	1.00e+09	4.344	5.235	5.055	4.506	4.129	3.783	3.256	2.811	2.727
	0.0286	1.00e+09	4.344	5.237	5.057	4.507	4.129	3.783	3.256	2.810	2.727
	0.0287	1.00e+09	4.345	5.238	5.058	4.508	4.129	3.784	3.256	2.810	2.726
	0.0288	1.00e+09	4.346	5.240	5.059	4.509	4.130	3.784	3.256	2.810	2.726
	0.0289	1.00e+09	4.346	5.242	5.061	4.509	4.130	3.784	3.256	2.810	2.726
	0.0290	1.00e+09	4.347	5.244	5.062	4.510	4.131	3.785	3.256	2.810	2.726
	0.0291	1.00e+09	4.347	5.245	5.064	4.511	4.131	3.785	3.255	2.809	2.725
	0.0292	1.00e+09	4.348	5.247	5.065	4.512	4.132	3.785	3.255	2.809	2.725
	0.0293	1.00e+09	4.348	5.249	5.066	4.512	4.132	3.785	3.255	2.808	2.724
	0.0294	1.00e+09	4.349	5.250	5.067	4.513	4.133	3.785	3.255	2.808	2.723
	0.0295	1.00e+09	4.349	5.252	5.069	4.514	4.133	3.785	3.255	2.807	2.723
	0.0296	1.00e+09	4.349	5.254	5.070	4.515	4.133	3.785	3.254	2.806	2.722
	0.0297	1.00e+09	4.349	5.255	5.071	4.515	4.134	3.785	3.253	2.805	2.721
	0.0298	1.00e+09	4.350	5.257	5.073	4.516	4.134	3.785	3.252	2.804	2.719
	0.0299	1.00e+09	4.349	5.259	5.074	4.516	4.134	3.785	3.251	2.802	2.717
	0.0300	1.00e+09	4.348	5.260	5.075	4.517	4.134	3.783	3.248	2.798	2.712
	0.0301	1.00e+09	4.350	5.263	5.078	4.519	4.136	3.785	3.248	2.797	2.710
	0.0302	1.00e+09	4.349	5.265	5.079	4.520	4.137	3.785	3.246	2.794	2.707
	0.0303	1.00e+09	4.350	5.267	5.081	4.521	4.138	3.785	3.247	2.794	2.707
	0.0304	1.00e+09	4.351	5.269	5.082	4.523	4.139	3.786	3.246	2.793	2.705
	0.0305	1.00e+09	4.351	5.271	5.084	4.524	4.139	3.787	3.246	2.793	2.705
	0.0306	1.00e+09	4.352	5.273	5.085	4.525	4.141	3.787	3.246	2.792	2.704
	0.0307	1.00e+09	4.352	5.274	5.087	4.526	4.141	3.788	3.246	2.792	2.703
	0.0308	1.00e+09	4.353	5.276	5.088	4.527	4.142	3.788	3.246	2.791	2.703
	0.0309	1.00e+09	4.354	5.278	5.090	4.528	4.143	3.789	3.246	2.791	2.701
	0.0310	1.00e+09	4.354	5.280	5.091	4.529	4.144	3.789	3.246	2.790	2.701
	0.0311	1.00e+09	4.355	5.281	5.093	4.530	4.145	3.790	3.245	2.790	2.700
	0.0312	1.00e+09	4.356	5.283	5.094	4.532	4.146	3.791	3.245	2.789	2.699
	0.0313	1.00e+09	4.356	5.285	5.096	4.533	4.147	3.791	3.245	2.789	2.698
	0.0314	1.00e+09	4.357	5.287	5.097	4.534	4.147	3.792	3.245	2.788	2.698
	0.0315	1.00e+09	4.357	5.289	5.099	4.535	4.148	3.792	3.245	2.788	2.697
	0.0316	1.00e+09	4.358	5.291	5.100	4.536	4.149	3.793	3.244	2.787	2.696
	0.0317	1.00e+09	4.359	5.292	5.102	4.537	4.150	3.794	3.245	2.787	2.695
	0.0318	1.00e+09	4.359	5.294	5.103	4.538	4.151	3.794	3.244	2.786	2.694
	0.0319	1.00e+09	4.360	5.296	5.105	4.539	4.152	3.795	3.244	2.785	2.693
	0.0320	1.00e+09	4.360	5.298	5.106	4.540	4.152	3.795	3.244	2.785	2.692
	0.0321	1.00e+09	4.361	5.299	5.108	4.541	4.153	3.795	3.243	2.784	2.691
	0.0322	1.00e+09	4.361	5.301	5.109	4.542	4.154	3.796	3.243	2.784	2.690
	0.0323	1.00e+09	4.362	5.303	5.111	4.543	4.155	3.797	3.243	2.783	2.690
	0.0324	1.00e+09	4.362	5.304	5.112	4.544	4.156	3.797	3.243	2.782	2.689
	0.0325	1.00e+09	4.363	5.306	5.113	4.545	4.157	3.798	3.243	2.782	2.688
	0.0326	1.00e+09	4.363	5.308	5.115	4.546	4.157	3.798	3.243	2.782	2.687
	0.0327	1.00e+09	4.364	5.309	5.116	4.547	4.158	3.799	3.242	2.781	2.686
	0.0328	1.00e+09	4.364	5.311	5.117	4.548	4.159	3.799	3.242	2.780	2.685
	0.0329	1.00e+09	4.365	5.313	5.119	4.549	4.160	3.800	3.242	2.780	2.685
	0.0330	1.00e+09	4.365	5.314	5.120	4.550	4.160	3.800	3.241	2.779	2.683
	0.0331	1.00e+09	4.366	5.316	5.121	4.551	4.161	3.801	3.241	2.778	2.682
	0.0332	1.00e+09	4.366	5.318	5.123	4.552	4.162	3.801	3.241	2.778	2.682
	0.0333	1.00e+09	4.367	5.319	5.124	4.553	4.163	3.802	3.241	2.777	2.681
	0.0334	1.00e+09	4.367	5.321	5.126	4.554	4.163	3.802	3.240	2.776	2.679
	0.0335	1.00e+09	4.368	5.323	5.127	4.555	4.164	3.803	3.240	2.776	2.679
	0.0336	1.00e+09	4.368	5.324	5.128	4.556	4.165	3.804	3.240	2.775	2.678
	0.0337	1.00e+09	4.369	5.326	5.130	4.557	4.166	3.804	3.240	2.775	2.677
	0.0338	1.00e+09	4.369	5.328	5.131	4.558	4.166	3.805	3.239	2.774	2.676
	0.0339	1.00e+09	4.370	5.329	5.132	4.559	4.167	3.805	3.239	2.773	2.675
	0.0340	1.00e+09	4.370	5.331	5.134	4.560	4.168	3.806	3.239	2.773	2.674
	0.0341	1.00e+09	4.370	5.333	5.135	4.561	4.169	3.806	3.238	2.772	2.673
	0.0342	1.00e+09	4.371	5.334	5.137	4.562	4.169	3.807	3.238	2.771	2.672
	0.0343	1.00e+09	4.371	5.336	5.138	4.563	4.170	3.807	3.238	2.771	2.671
	0.0344	1.00e+09	4.372	5.338	5.139	4.564	4.171	3.808	3.238	2.770	2.670
	0.0345	1.00e+09	4.372	5.339	5.141	4.565	4.172	3.808	3.238	2.770	2.669
	0.0346	1.00e+09	4.373	5.341	5.142	4.566	4.172	3.809	3.237	2.768	2.668
	0.0347	1.00e+09	4.373	5.343	5.143	4.567	4.173	3.809	3.237	2.768	2.667
	0.0348	1.00e+09	4.374	5.344	5.144	4.567	4.174	3.810	3.236	2.767	2.666
	0.0349	1.00e+09	4.374	5.346	5.146	4.568	4.174	3.810	3.236	2.767	2.665
	0.0350	1.00e+09	4.374	5.347	5.147	4.569	4.175	3.811	3.236	2.766	2.664
	0.0351	1.00e+09	4.375	5.349	5.148	4.570	4.176	3.811	3.235	2.765	2.662
	0.0352	1.00e+09	4.375	5.350	5.150	4.571	4.176	3.812	3.235	2.764	2.662
	0.0353	1.00e+09	4.376	5.352	5.151	4.572	4.177	3.812	3.235	2.764	2.661
	0.0354	1.00e+09	4.376	5.354	5.152	4.573	4.178	3.812	3.234	2.762	2.659
	0.0355	1.00e+09	4.376	5.355	5.153	4.574	4.178	3.813	3.234	2.762	2.658
	0.0356	1.00e+09	4.377	5.357	5.155	4.575	4.179	3.814	3.233	2.761	2.657
	0.0357	1.00e+09	4.377	5.359	5.156	4.576	4.180	3.814	3.233	2.761	2.656
	0.0358	1.00e+09	4.377	5.360	5.157	4.576	4.180	3.815	3.233	2.760	2.655
	0.0359	1.00e+09	4.378	5.362	5.159	4.577	4.181	3.815	3.232	2.759	2.654
	0.0360	1.00e+09	4.378	5.363	5.160	4.578	4.182	3.816	3.232	2.758	2.653
	0.0361	1.00e+09	4.378	5.365	5.161	4.579	4.182	3.816	3.232	2.758	2.652
	0.0362	1.00e+09	4.379	5.366	5.162	4.580	4.183	3.817	3.232	2.757	2.651
	0.0363	1.00e+09	4.379	5.368	5.164	4.581	4.184	3.817	3.231	2.757	2.650
	0.0364	1.00e+09	4.380	5.369	5.165	4.582	4.185	3.818	3.231	2.755	2.649
	0.0365	1.00e+09	4.380	5.371	5.166	4.583	4.185	3.818	3.230	2.755	2.648
	0.0366	1.00e+09	4.380	5.373	5.167	4.583	4.186	3.819	3.230	2.754	2.647
	0.0367	1.00e+09	4.381	5.374	5.169	4.584	4.187	3.819	3.230	2.754	2.646
	0.0368	1.00e+09	4.381	5.376	5.170	4.585	4.187	3.820	3.230	2.753	2.645
	0.0369	1.00e+09	4.381	5.377	5.171	4.586	4.188	3.820	3.229	2.752	2.643
	0.0370	1.00e+09	4.381	5.379	5.172	4.587	4.188	3.820	3.228	2.751	2.642
	0.0371	1.00e+09	4.382	5.380	5.174	4.588	4.189	3.821	3.228	2.750	2.641
	0.0372	1.00e+09	4.382	5.382	5.175	4.588	4.190	3.821	3.228	2.749	2.640
	0.0373	1.00e+09	4.383	5.383	5.176	4.589	4.190	3.822	3.227	2.748	2.639
	0.0374	1.00e+09	4.383	5.385	5.177	4.590	4.191	3.822	3.226	2.747	2.637
	0.0375	1.00e+09	4.383	5.386	5.178	4.591	4.192	3.823	3.226	2.747	2.636
	0.0376	1.00e+09	4.384	5.388	5.180	4.592	4.192	3.823	3.226	2.746	2.635
	0.0377	1.00e+09	4.384	5.389	5.181	4.592	4.193	3.824	3.225	2.745	2.634
	0.0378	1.00e+09	4.384	5.391	5.182	4.593	4.193	3.824	3.225	2.744	2.633
	0.0379	1.00e+09	4.385	5.392	5.183	4.594	4.194	3.825	3.225	2.744	2.632
	0.0380	1.00e+09	4.385	5.394	5.184	4.595	4.194	3.825	3.224	2.742	2.630
	0.0381	1.00e+09	4.385	5.395	5.185	4.596	4.195	3.825	3.224	2.742	2.629
	0.0382	1.00e+09	4.385	5.397	5.187	4.596	4.196	3.826	3.223	2.741	2.628
	0.0383	1.00e+09	4.386	5.398	5.188	4.597	4.196	3.826	3.223	2.741	2.627
	0.0384	1.00e+09	4.386	5.400	5.189	4.598	4.197	3.827	3.223	2.740	2.626
	0.0385	1.00e+09	4.386	5.401	5.190	4.599	4.197	3.827	3.222	2.739	2.625
	0.0386	1.00e+09	4.386	5.402	5.191	4.599	4.198	3.828	3.221	2.738	2.623
	0.0387	1.00e+09	4.386	5.404	5.192	4.600	4.198	3.828	3.221	2.737	2.622
	0.0388	1.00e+09	4.387	5.405	5.193	4.601	4.199	3.828	3.221	2.736	2.621
	0.0389	1.00e+09	4.387	5.407	5.194	4.601	4.200	3.829	3.220	2.735	2.620
	0.0390	1.00e+09	4.387	5.408	5.195	4.602	4.200	3.829	3.220	2.735	2.619
	0.0391	1.00e+09	4.388	5.410	5.197	4.603	4.201	3.830	3.220	2.734	2.618
	0.0392	1.00e+09	4.388	5.411	5.198	4.603	4.201	3.830	3.219	2.733	2.617
	0.0393	1.00e+09	4.388	5.412	5.199	4.604	4.202	3.830	3.218	2.731	2.615
	0.0394	1.00e+09	4.388	5.414	5.200	4.605	4.202	3.831	3.218	2.731	2.614
	0.0395	1.00e+09	4.388	5.415	5.201	4.606	4.203	3.831	3.217	2.730	2.613
	0.0396	1.00e+09	4.389	5.417	5.202	4.606	4.203	3.832	3.217	2.729	2.611
	0.0397	1.00e+09	4.389	5.418	5.203	4.607	4.204	3.832	3.217	2.729	2.610
	0.0398	1.00e+09	4.389	5.420	5.204	4.608	4.204	3.832	3.216	2.728	2.609
	0.0399	1.00e+09	4.389	5.421	5.206	4.609	4.205	3.833	3.216	2.727	2.608
	0.0400	1.00e+09	4.392	5.423	5.207	4.610	4.207	3.835	3.219	2.731	2.613
	0.0401	1.00e+09	4.392	5.425	5.208	4.611	4.207	3.835	3.219	2.730	2.612
	0.0402	1.00e+09	4.392	5.426	5.209	4.611	4.207	3.835	3.218	2.730	2.612
	0.0403	1.00e+09	4.393	5.428	5.211	4.612	4.208	3.836	3.218	2.729	2.611
	0.0404	1.00e+09	4.393	5.429	5.212	4.613	4.208	3.836	3.218	2.729	2.610
	0.0405	1.00e+09	4.393	5.430	5.213	4.613	4.208	3.836	3.218	2.729	2.610
	0.0406	1.00e+09	4.394	5.432	5.214	4.614	4.209	3.836	3.217	2.728	2.609
	0.0407	1.00e+09	4.394	5.433	5.215	4.614	4.209	3.836	3.217	2.728	2.609
	0.0408	1.00e+09	4.394	5.434	5.216	4.615	4.209	3.837	3.217	2.727	2.608
	0.0409	1.00e+09	4.394	5.436	5.217	4.616	4.210	3.837	3.217	2.727	2.608
	0.0410	1.00e+09	4.395	5.437	5.218	4.616	4.210	3.837	3.217	2.727	2.607
	0.0411	1.00e+09	4.395	5.439	5.219	4.617	4.211	3.837	3.216	2.726	2.607
	0.0412	1.00e+09	4.396	5.440	5.220	4.617	4.211	3.838	3.217	2.727	2.607
	0.0413	1.00e+09	4.396	5.442	5.221	4.618	4.212	3.838	3.216	2.726	2.606
	0.0414	1.00e+09	4.396	5.443	5.222	4.619	4.212	3.838	3.216	2.725	2.605
	0.0415	1.00e+09	4.396	5.444	5.223	4.619	4.212	3.838	3.216	2.725	2.605
	0.0416	1.00e+09	4.396	5.446	5.224	4.620	4.213	3.838	3.215	2.724	2.604
	0.0417	1.00e+09	4.397	5.447	5.225	4.620	4.213	3.839	3.215	2.724	2.603
	0.0418	1.00e+09	4.397	5.448	5.226	4.621	4.213	3.839	3.215	2.724	2.603
	0.0419	1.00e+09	4.397	5.450	5.227	4.622	4.214	3.839	3.215	2.723	2.603
	0.0420	1.00e+09	4.398	5.451	5.228	4.622	4.214	3.839	3.215	2.723	2.602
	0.0421	1.00e+09	4.398	5.453	5.229	4.623	4.214	3.839	3.214	2.722	2.601
	0.0422	1.00e+09	4.398	5.454	5.230	4.623	4.215	3.840	3.214	2.722	2.601
	0.0423	1.00e+09	4.398	5.455	5.231	4.624	4.215	3.840	3.214	2.721	2.600
	0.0424	1.00e+09	4.399	5.457	5.232	4.625	4.215	3.840	3.214	2.721	2.600
	0.0425	1.00e+09	4.399	5.458	5.233	4.625	4.216	3.840	3.214	2.721	2.600
	0.0426	1.00e+09	4.399	5.460	5.234	4.626	4.216	3.841	3.213	2.721	2.599
	0.0427	1.00e+09	4.399	5.461	5.235	4.626	4.217	3.841	3.213	2.720	2.598
	0.0428	1.00e+09	4.400	5.462	5.236	4.627	4.217	3.841	3.213	2.720	2.598
	0.0429	1.00e+09	4.400	5.464	5.237	4.628	4.217	3.841	3.213	2.719	2.597
	0.0430	1.00e+09	4.400	5.465	5.238	4.628	4.218	3.841	3.213	2.719	2.597
	0.0431	1.00e+09	4.401	5.466	5.239	4.629	4.218	3.842	3.213	2.719	2.597
	0.0432	1.00e+09	4.401	5.468	5.240	4.629	4.218	3.842	3.212	2.718	2.596
	0.0433	1.00e+09	4.401	5.469	5.241	4.630	4.219	3.842	3.212	2.718	2.595
	0.0434	1.00e+09	4.401	5.470	5.242	4.630	4.219	3.842	3.212	2.717	2.595
	0.0435	1.00e+09	4.401	5.472	5.243	4.631	4.219	3.842	3.211	2.717	2.594
	0.0436	1.00e+09	4.402	5.473	5.244	4.632	4.220	3.842	3.211	2.716	2.594
	0.0437	1.00e+09	4.402	5.474	5.245	4.632	4.220	3.843	3.211	2.716	2.593
	0.0438	1.00e+09	4.402	5.476	5.246	4.633	4.221	3.843	3.211	2.716	2.593
	0.0439	1.00e+09	4.403	5.477	5.247	4.633	4.221	3.843	3.211	2.716	2.592
	0.0440	1.00e+09	4.403	5.479	5.248	4.634	4.221	3.843	3.210	2.715	2.592
	0.0441	1.00e+09	4.403	5.480	5.249	4.634	4.222	3.843	3.210	2.715	2.591
	0.0442	1.00e+09	4.403	5.481	5.249	4.635	4.222	3.844	3.210	2.714	2.591
	0.0443	1.00e+09	4.404	5.483	5.250	4.635	4.222	3.844	3.210	2.714	2.590
	0.0444	1.00e+09	4.404	5.484	5.251	4.636	4.223	3.844	3.210	2.714	2.590
	0.0445	1.00e+09	4.404	5.485	5.252	4.637	4.223	3.844	3.209	2.713	2.590
	0.0446	1.00e+09	4.404	5.487	5.253	4.637	4.223	3.844	3.209	2.713	2.589
	0.0447	1.00e+09	4.405	5.488	5.254	4.638	4.224	3.844	3.209	2.712	2.588
	0.0448	1.00e+09	4.405	5.489	5.255	4.638	4.224	3.845	3.209	2.712	2.588
	0.0449	1.00e+09	4.405	5.491	5.256	4.639	4.224	3.845	3.208	2.711	2.587
	0.0450	1.00e+09	4.405	5.492	5.257	4.639	4.225	3.845	3.208	2.711	2.586
	0.0451	1.00e+09	4.406	5.493	5.258	4.640	4.225	3.845	3.208	2.711	2.587
	0.0452	1.00e+09	4.406	5.495	5.259	4.640	4.225	3.846	3.208	2.711	2.586
	0.0453	1.00e+09	4.406	5.496	5.260	4.641	4.226	3.846	3.208	2.710	2.586
	0.0454	1.00e+09	4.406	5.497	5.261	4.642	4.226	3.846	3.208	2.710	2.585
	0.0455	1.00e+09	4.407	5.499	5.262	4.642	4.226	3.846	3.207	2.709	2.584
	0.0456	1.00e+09	4.407	5.500	5.263	4.643	4.227	3.846	3.207	2.709	2.584
	0.0457	1.00e+09	4.407	5.501	5.264	4.643	4.227	3.846	3.207	2.708	2.583
	0.0458	1.00e+09	4.407	5.503	5.265	4.644	4.227	3.847	3.207	2.709	2.583
	0.0459	1.00e+09	4.408	5.504	5.266	4.644	4.228	3.847	3.207	2.708	2.583
	0.0460	1.00e+09	4.408	5.505	5.267	4.645	4.228	3.847	3.206	2.707	2.582
	0.0461	1.00e+09	4.408	5.507	5.268	4.645	4.228	3.847	3.206	2.707	2.582
	0.0462	1.00e+09	4.408	5.508	5.269	4.646	4.229	3.847	3.206	2.707	2.581
	0.0463	1.00e+09	4.409	5.509	5.270	4.647	4.229	3.848	3.206	2.706	2.581
	0.0464	1.00e+09	4.409	5.511	5.271	4.647	4.229	3.848	3.205	2.706	2.580
	0.0465	1.00e+09	4.409	5.512	5.271	4.648	4.230	3.848	3.206	2.706	2.580
	0.0466	1.00e+09	4.409	5.513	5.272	4.648	4.230	3.848	3.205	2.706	2.580
	0.0467	1.00e+09	4.410	5.514	5.273	4.649	4.230	3.848	3.205	2.705	2.579
	0.0468	1.00e+09	4.410	5.516	5.274	4.649	4.231	3.848	3.205	2.705	2.578
	0.0469	1.00e+09	4.410	5.517	5.275	4.650	4.231	3.849	3.205	2.704	2.578
	0.0470	1.00e+09	4.410	5.518	5.276	4.650	4.231	3.849	3.204	2.704	2.577
	0.0471	1.00e+09	4.411	5.520	5.277	4.651	4.232	3.849	3.204	2.704	2.577
	0.0472	1.00e+09	4.411	5.521	5.278	4.651	4.232	3.849	3.204	2.704	2.577
	0.0473	1.00e+09	4.411	5.522	5.279	4.652	4.232	3.849	3.204	2.703	2.576
	0.0474	1.00e+09	4.411	5.524	5.280	4.653	4.233	3.849	3.204	2.703	2.576
	0.0475	1.00e+09	4.411	5.525	5.281	4.653	4.233	3.850	3.203	2.702	2.575
	0.0476	1.00e+09	4.412	5.526	5.282	4.654	4.233	3.850	3.203	2.702	2.575
	0.0477	1.00e+09	4.412	5.528	5.283	4.654	4.234	3.850	3.203	2.701	2.574
	0.0478	1.00e+09	4.412	5.529	5.284	4.655	4.234	3.850	3.203	2.701	2.573
	0.0479	1.00e+09	4.412	5.530	5.284	4.655	4.234	3.850	3.203	2.701	2.574
	0.0480	1.00e+09	4.413	5.531	5.285	4.656	4.235	3.850	3.203	2.701	2.573
	0.0481	1.00e+09	4.413	5.533	5.286	4.656	4.235	3.851	3.202	2.700	2.572
	0.0482	1.00e+09	4.413	5.534	5.287	4.657	4.235	3.851	3.202	2.700	2.572
	0.0483	1.00e+09	4.413	5.535	5.288	4.657	4.235	3.851	3.202	2.699	2.571
	0.0484	1.00e+09	4.413	5.537	5.289	4.658	4.236	3.851	3.202	2.699	2.571
	0.0485	1.00e+09	4.414	5.538	5.290	4.658	4.236	3.851	3.202	2.699	2.571
	0.0486	1.00e+09	4.414	5.539	5.291	4.659	4.237	3.852	3.202	2.699	2.571
	0.0487	1.00e+09	4.414	5.540	5.292	4.659	4.237	3.852	3.201	2.698	2.570
	0.0488	1.00e+09	4.415	5.542	5.293	4.660	4.237	3.852	3.201	2.698	2.569
	0.0489	1.00e+09	4.415	5.543	5.294	4.660	4.237	3.852	3.201	2.698	2.569
	0.0490	1.00e+09	4.415	5.544	5.295	4.661	4.238	3.852	3.201	2.697	2.568
	0.0491	1.00e+09	4.415	5.546	5.295	4.661	4.238	3.852	3.201	2.697	2.568
	0.0492	1.00e+09	4.416	5.547	5.296	4.662	4.238	3.853	3.201	2.697	2.568
	0.0493	1.00e+09	4.416	5.548	5.297	4.663	4.239	3.853	3.201	2.697	2.568
	0.0494	1.00e+09	4.416	5.549	5.298	4.663	4.239	3.853	3.200	2.696	2.567
	0.0495	1.00e+09	4.416	5.551	5.299	4.664	4.239	3.853	3.200	2.696	2.567
	0.0496	1.00e+09	4.416	5.552	5.300	4.664	4.240	3.853	3.200	2.695	2.566
	0.0497	1.00e+09	4.417	5.553	5.301	4.665	4.240	3.853	3.199	2.695	2.565
	0.0498	1.00e+09	4.417	5.555	5.302	4.665	4.240	3.854	3.199	2.694	2.565
	0.0499	1.00e+09	4.417	5.556	5.303	4.666	4.241	3.854	3.200	2.695	2.565
