# File generated by CMD 2.8 (http://stev.oapd.inaf.it/cmd) on Sat May 28 03:50:32 CEST 2016
# PARSEC isochrones, release v1.2S
# Basic references: Bressan et al. (2012), MNRAS, 427, 127 + Chen et al. (2014, 2015), MNRAS, 444, 2525 + MNRAS, 452, 1068 + Tang et al. (2014), MNRAS, 445, 4287
# Warning: you choose not to include the TP-AGB phase!
# Photometric system: <i>UBVRIJHK</i> (cf. Maiz-Apellaniz 2006 + Bessell 1990)
# Using NBC version of bolometric corrections as in Chen et al. (2014), MNRAS, 444, 2525
# BCs of Carbon stars derive from Aringer et al. (2009, A&A 503, 913)
# O-rich circumstellar dust ignored
# C-rich circumstellar dust ignored
# IMF: Chabrier (2001) lognormal 
# On RGB, assumed Reimers mass loss with efficiency eta=0.2
# Kind of output: luminosity functions
#	LF for the isochrone	Z = 0.01520		Age = 	2.30e+09 yr
#	age/yr	bin(mag) 	mbol    U       B       V       R       I       J       H       K
age/yr	bin(mag) 	mbol    U       B       V       R       I       J       H       K
	2.30e+09  19.900        0 1.88e-02 1.72e-02 1.49e-02        0        0        0        0        0
	2.30e+09  19.700        0 1.74e-02 1.78e-02 1.53e-02        0        0        0        0        0
	2.30e+09  19.500        0 2.37e-02 1.66e-02 1.44e-02        0        0        0        0        0
	2.30e+09  19.300        0 2.60e-02 1.63e-02 1.49e-02        0        0        0        0        0
	2.30e+09  19.100        0 2.52e-02 1.68e-02 1.40e-02        0        0        0        0        0
	2.30e+09  18.900        0 2.44e-02 1.57e-02 1.45e-02        0        0        0        0        0
	2.30e+09  18.700        0 2.37e-02 1.70e-02 1.78e-02        0        0        0        0        0
	2.30e+09  18.500        0 3.01e-02 2.54e-02 2.00e-02        0        0        0        0        0
	2.30e+09  18.300        0 3.36e-02 2.57e-02 1.96e-02        0        0        0        0        0
	2.30e+09  18.100        0 3.07e-02 2.40e-02 1.92e-02        0        0        0        0        0
	2.30e+09  17.900        0 3.07e-02 2.42e-02 1.79e-02        0        0        0        0        0
	2.30e+09  17.700        0 2.82e-02 2.26e-02 1.84e-02        0        0        0        0        0
	2.30e+09  17.500        0 2.71e-02 2.29e-02 1.81e-02        0        0        0        0        0
	2.30e+09  17.300        0 2.75e-02 3.19e-02 1.69e-02 6.46e-03        0        0        0        0
	2.30e+09  17.100        0 3.79e-02 3.19e-02 1.74e-02 1.98e-02        0        0        0        0
	2.30e+09  16.900        0 3.58e-02 2.95e-02 1.76e-02 2.02e-02        0        0        0        0
	2.30e+09  16.700        0 3.38e-02 2.96e-02 2.85e-02 1.91e-02        0        0        0        0
	2.30e+09  16.500        0 3.20e-02 3.85e-02 2.67e-02 1.94e-02        0        0        0        0
	2.30e+09  16.300        0 3.03e-02 3.86e-02 2.68e-02 1.87e-02        0        0        0        0
	2.30e+09  16.100        0 3.71e-02 3.66e-02 2.50e-02 2.70e-02        0        0        0        0
	2.30e+09  15.900        0 3.99e-02 3.48e-02 2.52e-02 2.53e-02        0        0        0        0
	2.30e+09  15.700        0 3.83e-02 3.32e-02 2.84e-02 2.46e-02        0        0        0        0
	2.30e+09  15.500        0 3.44e-02 3.56e-02 3.39e-02 2.40e-02        0        0        0        0
	2.30e+09  15.300        0 3.55e-02 4.38e-02 3.25e-02 2.42e-02        0        0        0        0
	2.30e+09  15.100        0 3.30e-02 3.97e-02 3.13e-02 2.28e-02        0        0        0        0
	2.30e+09  14.900        0 3.11e-02 3.84e-02 3.72e-02 2.22e-02        0        0        0        0
	2.30e+09  14.700        0 3.07e-02 3.49e-02 4.21e-02 3.19e-02        0        0        0        0
	2.30e+09  14.500        0 2.76e-02 4.16e-02 3.84e-02 3.49e-02 2.00e-02        0        0        0
	2.30e+09  14.300        0 2.80e-02 4.52e-02 3.64e-02 3.25e-02 2.58e-02        0        0        0
	2.30e+09  14.100        0 2.56e-02 4.28e-02 3.58e-02 3.22e-02 2.45e-02        0        0        0
	2.30e+09  13.900        0 2.37e-02 3.86e-02 3.66e-02 3.50e-02 2.46e-02        0        0        0
	2.30e+09  13.700        0 2.22e-02 3.78e-02 4.53e-02 4.16e-02 3.01e-02        0        0        0
	2.30e+09  13.500        0 2.02e-02 3.48e-02 4.21e-02 3.96e-02 3.19e-02        0        0        0
	2.30e+09  13.300 3.05e-02 1.96e-02 3.47e-02 3.82e-02 4.12e-02 3.17e-02        0        0        0
	2.30e+09  13.100 4.51e-02 1.79e-02 3.03e-02 3.70e-02 5.01e-02 2.98e-02        0        0        0
	2.30e+09  12.900 4.93e-02 1.69e-02 2.99e-02 4.63e-02 4.68e-02 2.97e-02        0        0        0
	2.30e+09  12.700 5.65e-02 1.53e-02 2.79e-02 4.71e-02 4.51e-02 2.80e-02        0        0        0
	2.30e+09  12.500 5.24e-02 1.48e-02 2.49e-02 4.19e-02 4.12e-02 4.20e-02        0        0        0
	2.30e+09  12.300 5.17e-02 1.38e-02 2.26e-02 4.17e-02 5.03e-02 4.13e-02        0        0        0
	2.30e+09  12.100 6.70e-02 1.28e-02 2.12e-02 3.84e-02 5.08e-02 4.03e-02        0        0        0
	2.30e+09  11.900 6.29e-02 1.25e-02 1.93e-02 3.69e-02 4.57e-02 4.19e-02        0        0        0
	2.30e+09  11.700 7.03e-02 1.16e-02 1.82e-02 3.37e-02 4.24e-02 5.16e-02        0        0        0
	2.30e+09  11.500 6.93e-02 1.06e-02 1.65e-02 3.20e-02 5.57e-02 4.74e-02        0        0        0
	2.30e+09  11.300 8.15e-02 1.06e-02 1.51e-02 3.06e-02 5.11e-02 5.92e-02        0        0        0
	2.30e+09  11.100 7.31e-02 9.83e-03 1.43e-02 2.64e-02 4.67e-02 5.84e-02 3.68e-02        0        0
	2.30e+09  10.900 7.14e-02 8.91e-03 1.33e-02 2.52e-02 4.44e-02 5.39e-02 5.22e-02        0        0
	2.30e+09  10.700 7.70e-02 7.53e-03 1.24e-02 2.28e-02 4.08e-02 5.49e-02 6.14e-02        0        0
	2.30e+09  10.500 6.83e-02 7.27e-03 1.18e-02 2.07e-02 3.89e-02 6.35e-02 6.28e-02 3.89e-02        0
	2.30e+09  10.300 7.44e-02 7.03e-03 1.10e-02 1.89e-02 3.57e-02 5.86e-02 5.88e-02 5.14e-02 1.15e-02
	2.30e+09  10.100 6.79e-02 6.34e-03 1.03e-02 1.75e-02 3.36e-02 5.44e-02 7.25e-02 6.20e-02 5.14e-02
	2.30e+09  9.900 5.80e-02 5.29e-03 9.65e-03 1.58e-02 2.96e-02 6.57e-02 7.00e-02 6.19e-02 5.35e-02
	2.30e+09  9.700 5.19e-02 5.39e-03 9.55e-03 1.47e-02 2.66e-02 5.82e-02 7.88e-02 5.80e-02 6.33e-02
	2.30e+09  9.500 5.00e-02 5.02e-03 8.91e-03 1.39e-02 2.40e-02 5.21e-02 7.85e-02 7.25e-02 5.93e-02
	2.30e+09  9.300 4.73e-02 4.89e-03 8.15e-03 1.29e-02 2.24e-02 4.73e-02 8.65e-02 6.91e-02 6.15e-02
	2.30e+09  9.100 3.91e-02 4.92e-03 7.85e-03 1.21e-02 2.00e-02 4.64e-02 7.70e-02 7.84e-02 7.36e-02
	2.30e+09  8.900 3.45e-02 5.98e-03 7.56e-03 1.17e-02 1.74e-02 4.26e-02 8.36e-02 7.83e-02 7.16e-02
	2.30e+09  8.700 3.06e-02 5.79e-03 7.52e-03 1.13e-02 1.64e-02 3.81e-02 7.95e-02 8.53e-02 7.95e-02
	2.30e+09  8.500 2.72e-02 5.87e-03 7.08e-03 1.07e-02 1.55e-02 3.40e-02 7.61e-02 7.61e-02 8.48e-02
	2.30e+09  8.300 2.39e-02 5.83e-03 6.84e-03 1.05e-02 1.41e-02 2.96e-02 7.52e-02 8.33e-02 8.35e-02
	2.30e+09  8.100 2.23e-02 5.93e-03 6.72e-03 9.92e-03 1.33e-02 2.71e-02 6.44e-02 7.89e-02 7.79e-02
	2.30e+09  7.900 2.06e-02 5.72e-03 8.09e-03 9.44e-03 1.26e-02 2.45e-02 5.52e-02 7.46e-02 8.68e-02
	2.30e+09  7.700 1.87e-02 5.72e-03 7.97e-03 9.03e-03 1.24e-02 2.19e-02 5.46e-02 7.60e-02 7.58e-02
	2.30e+09  7.500 1.77e-02 5.56e-03 8.04e-03 8.91e-03 1.16e-02 2.03e-02 5.13e-02 6.50e-02 8.09e-02
	2.30e+09  7.300 1.64e-02 5.95e-03 8.51e-03 8.63e-03 1.16e-02 1.88e-02 4.19e-02 5.49e-02 7.18e-02
	2.30e+09  7.100 1.58e-02 5.71e-03 7.86e-03 8.26e-03 1.11e-02 1.78e-02 3.73e-02 5.37e-02 5.84e-02
	2.30e+09  6.900 1.48e-02 5.90e-03 7.90e-03 9.41e-03 1.03e-02 1.66e-02 3.29e-02 5.06e-02 5.56e-02
	2.30e+09  6.700 1.40e-02 5.94e-03 8.03e-03 9.65e-03 1.07e-02 1.61e-02 2.98e-02 4.22e-02 5.29e-02
	2.30e+09  6.500 1.37e-02 5.55e-03 7.87e-03 9.73e-03 1.06e-02 1.54e-02 2.65e-02 3.67e-02 4.68e-02
	2.30e+09  6.300 1.36e-02 5.91e-03 7.90e-03 9.76e-03 1.06e-02 1.43e-02 2.46e-02 3.30e-02 3.98e-02
	2.30e+09  6.100 1.31e-02 6.14e-03 7.53e-03 9.28e-03 1.18e-02 1.39e-02 2.25e-02 2.90e-02 3.44e-02
	2.30e+09  5.900 1.23e-02 5.85e-03 7.77e-03 9.66e-03 1.19e-02 1.31e-02 2.10e-02 2.62e-02 3.12e-02
	2.30e+09  5.700 1.18e-02 5.88e-03 7.43e-03 9.35e-03 1.15e-02 1.35e-02 1.93e-02 2.42e-02 2.82e-02
	2.30e+09  5.500 1.12e-02 5.71e-03 7.17e-03 9.27e-03 1.09e-02 1.33e-02 1.90e-02 2.21e-02 2.61e-02
	2.30e+09  5.300 1.06e-02 5.58e-03 6.99e-03 9.03e-03 1.11e-02 1.31e-02 1.83e-02 2.07e-02 2.42e-02
	2.30e+09  5.100 9.99e-03 5.31e-03 6.66e-03 8.83e-03 1.07e-02 1.22e-02 1.75e-02 1.98e-02 2.33e-02
	2.30e+09  4.900 9.46e-03 5.46e-03 6.53e-03 8.39e-03 1.01e-02 1.20e-02 1.69e-02 2.11e-02 2.30e-02
	2.30e+09  4.700 8.88e-03 5.51e-03 6.45e-03 8.20e-03 9.92e-03 1.17e-02 1.63e-02 2.29e-02 2.39e-02
	2.30e+09  4.500 8.47e-03 5.61e-03 6.23e-03 8.00e-03 9.42e-03 1.10e-02 1.52e-02 2.42e-02 2.79e-02
	2.30e+09  4.300 8.02e-03 6.21e-03 6.45e-03 7.74e-03 9.10e-03 1.05e-02 1.43e-02 2.18e-02 2.33e-02
	2.30e+09  4.100 7.72e-03 6.25e-03 6.38e-03 7.33e-03 8.91e-03 9.89e-03 1.33e-02 1.95e-02 2.12e-02
	2.30e+09  3.900 7.26e-03 6.84e-03 6.76e-03 7.00e-03 8.46e-03 9.77e-03 1.23e-02 1.77e-02 1.88e-02
	2.30e+09  3.700 7.35e-03 7.07e-03 6.64e-03 7.24e-03 7.86e-03 9.32e-03 1.15e-02 1.54e-02 1.65e-02
	2.30e+09  3.500 7.25e-03 6.78e-03 6.36e-03 7.14e-03 7.51e-03 8.47e-03 1.08e-02 1.38e-02 1.44e-02
	2.30e+09  3.300 7.06e-03 6.50e-03 6.32e-03 6.95e-03 7.43e-03 8.00e-03 9.98e-03 1.26e-02 1.33e-02
	2.30e+09  3.100 6.68e-03 7.01e-03 6.52e-03 6.56e-03 7.24e-03 7.76e-03 9.04e-03 1.12e-02 1.18e-02
	2.30e+09  2.900 6.14e-03 1.08e-02 9.24e-03 6.14e-03 6.92e-03 7.63e-03 8.50e-03 1.01e-02 1.05e-02
	2.30e+09  2.700 5.85e-03 1.61e-03 1.96e-03 5.85e-03 6.35e-03 7.03e-03 8.17e-03 9.21e-03 9.44e-03
	2.30e+09  2.500 5.99e-03 2.73e-03 3.56e-04 6.44e-03 5.74e-03 6.46e-03 7.52e-03 8.65e-03 8.72e-03
	2.30e+09  2.300 5.78e-03 2.60e-04 1.60e-04 5.71e-03 5.64e-03 5.84e-03 6.74e-03 7.85e-03 7.96e-03
	2.30e+09  2.100 1.12e-03        0 2.00e-04 9.16e-04 5.70e-03 5.46e-03 5.98e-03 7.01e-03 7.05e-03
	2.30e+09  1.900 3.61e-04        0 3.16e-04 2.96e-04 3.38e-03 5.19e-03 5.41e-03 6.05e-03 6.11e-03
	2.30e+09  1.700 8.25e-05        0 2.74e-03 9.44e-05 6.53e-04 4.28e-03 4.83e-03 5.34e-03 5.41e-03
	2.30e+09  1.500 7.45e-05        0 2.33e-04 8.55e-05 1.80e-04 1.15e-03 4.36e-03 4.66e-03 4.72e-03
	2.30e+09  1.300 7.59e-05        0 1.26e-04 8.43e-05 7.73e-05 3.74e-04 3.04e-03 4.05e-03 4.04e-03
	2.30e+09  1.100 7.46e-05        0 2.71e-04 1.55e-04 8.05e-05 7.66e-05 7.29e-04 3.49e-03 3.48e-03
	2.30e+09  0.900 7.29e-05        0 1.51e-04 2.50e-04 7.96e-05 7.47e-05 3.62e-04 1.17e-03 1.63e-03
	2.30e+09  0.700 1.33e-04        0 1.11e-04 2.63e-03 7.80e-05 7.52e-05 7.65e-05 3.68e-04 1.60e-04
	2.30e+09  0.500 1.36e-03        0 1.18e-04 3.48e-04 1.37e-04 7.66e-05 7.13e-05 2.14e-04 4.23e-04
	2.30e+09  0.300 1.47e-03        0 7.65e-05 1.17e-04 2.48e-04 7.54e-05 6.89e-05 7.47e-05 7.64e-05
	2.30e+09  0.100 3.08e-04        0        0 9.10e-05 2.59e-03 8.96e-05 6.97e-05 6.85e-05 7.00e-05
	2.30e+09  -0.100 1.48e-04        0        0 2.26e-04 3.65e-04 1.77e-04 7.06e-05 6.64e-05 6.59e-05
	2.30e+09  -0.300 8.02e-05        0        0 1.22e-04 1.11e-04 2.47e-03 7.03e-05 6.49e-05 6.48e-05
	2.30e+09  -0.500 1.08e-04        0        0 9.77e-05 8.66e-05 4.36e-04 6.81e-05 6.67e-05 6.55e-05
	2.30e+09  -0.700 1.66e-04        0        0 8.23e-05 1.77e-04 2.40e-04 1.26e-04 6.73e-05 6.66e-05
	2.30e+09  -0.900 9.59e-05        0        0 7.41e-05 1.31e-04 9.06e-05 1.88e-03 6.58e-05 6.50e-05
	2.30e+09  -1.100 7.82e-05        0        0 8.01e-05 9.85e-05 7.55e-05 9.26e-04 6.27e-05 6.42e-05
	2.30e+09  -1.300 6.66e-05        0        0 7.68e-05 8.22e-05 1.88e-04 2.60e-04 1.32e-04 9.83e-05
	2.30e+09  -1.500 5.73e-05        0        0        0 7.08e-05 1.10e-04 1.94e-04 2.28e-03 1.50e-03
	2.30e+09  -1.700 5.03e-05        0        0        0 6.50e-05 8.60e-05 7.87e-05 5.26e-04 1.26e-03
	2.30e+09  -1.900 4.57e-05        0        0        0 6.14e-05 7.25e-05 6.85e-05 2.27e-04 2.49e-04
	2.30e+09  -2.100 3.93e-05        0        0        0 5.39e-05 6.24e-05 1.76e-04 1.99e-04 2.39e-04
	2.30e+09  -2.300 3.07e-05        0        0        0 6.60e-05 5.43e-05 1.04e-04 7.38e-05 8.79e-05
	2.30e+09  -2.500 2.54e-05        0        0        0 6.43e-06 4.89e-05 8.08e-05 6.49e-05 6.74e-05
	2.30e+09  -2.700 2.21e-05        0        0        0        0 4.21e-05 6.86e-05 1.56e-04 9.62e-05
	2.30e+09  -2.900 2.04e-05        0        0        0        0 3.19e-05 6.02e-05 1.07e-04 1.51e-04
	2.30e+09  -3.100 2.00e-05        0        0        0        0 2.73e-05 5.24e-05 8.09e-05 8.68e-05
	2.30e+09  -3.300 1.55e-05        0        0        0        0 2.45e-05 4.63e-05 6.85e-05 7.26e-05
	2.30e+09  -3.500 7.09e-06        0        0        0        0 2.40e-05 4.23e-05 5.94e-05 6.23e-05
	2.30e+09  -3.700        0        0        0        0        0 2.18e-05 3.70e-05 5.34e-05 5.52e-05
	2.30e+09  -3.900        0        0        0        0        0 4.92e-06 2.93e-05 4.59e-05 4.90e-05
	2.30e+09  -4.100        0        0        0        0        0        0 2.36e-05 4.22e-05 4.28e-05
	2.30e+09  -4.300        0        0        0        0        0        0 2.09e-05 3.86e-05 3.96e-05
	2.30e+09  -4.500        0        0        0        0        0        0 1.91e-05 3.36e-05 3.58e-05
	2.30e+09  -4.700        0        0        0        0        0        0 1.83e-05 2.68e-05 3.03e-05
	2.30e+09  -4.900        0        0        0        0        0        0 1.69e-05 2.24e-05 2.49e-05
	2.30e+09  -5.100        0        0        0        0        0        0 1.25e-05 2.06e-05 2.08e-05
	2.30e+09  -5.300        0        0        0        0        0        0 2.02e-06 1.87e-05 1.90e-05
	2.30e+09  -5.500        0        0        0        0        0        0        0 1.79e-05 1.74e-05
	2.30e+09  -5.700        0        0        0        0        0        0        0 1.83e-05 1.67e-05
	2.30e+09  -5.900        0        0        0        0        0        0        0 1.19e-05 1.74e-05
	2.30e+09  -6.100        0        0        0        0        0        0        0 6.55e-06 1.10e-05
	2.30e+09  -6.300        0        0        0        0        0        0        0        0 8.88e-06
	2.30e+09  -6.500        0        0        0        0        0        0        0        0 8.64e-08
	2.30e+09  -6.700        0        0        0        0        0        0        0        0        0
	2.30e+09  -6.900        0        0        0        0        0        0        0        0        0
	2.30e+09  -7.100        0        0        0        0        0        0        0        0        0
	2.30e+09  -7.300        0        0        0        0        0        0        0        0        0
	2.30e+09  -7.500        0        0        0        0        0        0        0        0        0
	2.30e+09  -7.700        0        0        0        0        0        0        0        0        0
	2.30e+09  -7.900        0        0        0        0        0        0        0        0        0
	2.30e+09  -8.100        0        0        0        0        0        0        0        0        0
	2.30e+09  -8.300        0        0        0        0        0        0        0        0        0
	2.30e+09  -8.500        0        0        0        0        0        0        0        0        0
	2.30e+09  -8.700        0        0        0        0        0        0        0        0        0
	2.30e+09  -8.900        0        0        0        0        0        0        0        0        0
	2.30e+09  -9.100        0        0        0        0        0        0        0        0        0
	2.30e+09  -9.300        0        0        0        0        0        0        0        0        0
	2.30e+09  -9.500        0        0        0        0        0        0        0        0        0
	2.30e+09  -9.700        0        0        0        0        0        0        0        0        0
	2.30e+09  -9.900        0        0        0        0        0        0        0        0        0
	2.30e+09  -10.100        0        0        0        0        0        0        0        0        0
	2.30e+09  -10.300        0        0        0        0        0        0        0        0        0
	2.30e+09  -10.500        0        0        0        0        0        0        0        0        0
	2.30e+09  -10.700        0        0        0        0        0        0        0        0        0
	2.30e+09  -10.900        0        0        0        0        0        0        0        0        0
	2.30e+09  -11.100        0        0        0        0        0        0        0        0        0
	2.30e+09  -11.300        0        0        0        0        0        0        0        0        0
	2.30e+09  -11.500        0        0        0        0        0        0        0        0        0
	2.30e+09  -11.700        0        0        0        0        0        0        0        0        0
	2.30e+09  -11.900        0        0        0        0        0        0        0        0        0
	2.30e+09  -12.100        0        0        0        0        0        0        0        0        0
	2.30e+09  -12.300        0        0        0        0        0        0        0        0        0
	2.30e+09  -12.500        0        0        0        0        0        0        0        0        0
	2.30e+09  -12.700        0        0        0        0        0        0        0        0        0
	2.30e+09  -12.900        0        0        0        0        0        0        0        0        0
	2.30e+09  -13.100        0        0        0        0        0        0        0        0        0
	2.30e+09  -13.300        0        0        0        0        0        0        0        0        0
	2.30e+09  -13.500        0        0        0        0        0        0        0        0        0
	2.30e+09  -13.700        0        0        0        0        0        0        0        0        0
	2.30e+09  -13.900        0        0        0        0        0        0        0        0        0
	2.30e+09  -14.100        0        0        0        0        0        0        0        0        0
	2.30e+09  -14.300        0        0        0        0        0        0        0        0        0
	2.30e+09  -14.500        0        0        0        0        0        0        0        0        0
	2.30e+09  -14.700        0        0        0        0        0        0        0        0        0
	2.30e+09  -14.900        0        0        0        0        0        0        0        0        0
	2.30e+09  -15.100        0        0        0        0        0        0        0        0        0
	2.30e+09  -15.300        0        0        0        0        0        0        0        0        0
	2.30e+09  -15.500        0        0        0        0        0        0        0        0        0
	2.30e+09  -15.700        0        0        0        0        0        0        0        0        0
	2.30e+09  -15.900        0        0        0        0        0        0        0        0        0
	2.30e+09  -16.100        0        0        0        0        0        0        0        0        0
	2.30e+09  -16.300        0        0        0        0        0        0        0        0        0
	2.30e+09  -16.500        0        0        0        0        0        0        0        0        0
	2.30e+09  -16.700        0        0        0        0        0        0        0        0        0
	2.30e+09  -16.900        0        0        0        0        0        0        0        0        0
	2.30e+09  -17.100        0        0        0        0        0        0        0        0        0
	2.30e+09  -17.300        0        0        0        0        0        0        0        0        0
	2.30e+09  -17.500        0        0        0        0        0        0        0        0        0
	2.30e+09  -17.700        0        0        0        0        0        0        0        0        0
	2.30e+09  -17.900        0        0        0        0        0        0        0        0        0
	2.30e+09  -18.100        0        0        0        0        0        0        0        0        0
	2.30e+09  -18.300        0        0        0        0        0        0        0        0        0
	2.30e+09  -18.500        0        0        0        0        0        0        0        0        0
	2.30e+09  -18.700        0        0        0        0        0        0        0        0        0
	2.30e+09  -18.900        0        0        0        0        0        0        0        0        0
	2.30e+09  -19.100        0        0        0        0        0        0        0        0        0
	2.30e+09  -19.300        0        0        0        0        0        0        0        0        0
	2.30e+09  -19.500        0        0        0        0        0        0        0        0        0
	2.30e+09  -19.700        0        0        0        0        0        0        0        0        0
	2.30e+09  -19.900        0        0        0        0        0        0        0        0        0
