# File generated by CMD 2.8 (http://stev.oapd.inaf.it/cmd) on Sat May 14 21:00:45 CEST 2016
# PARSEC isochrones, release v1.2S
# Basic references: Bressan et al. (2012), MNRAS, 427, 127 + Chen et al. (2014, 2015), MNRAS, 444, 2525 + MNRAS, 452, 1068 + Tang et al. (2014), MNRAS, 445, 4287
# Warning: you choose not to include the TP-AGB phase!
# Photometric system: <i>UBVRIJHK</i> (cf. Maiz-Apellaniz 2006 + Bessell 1990)
# Using NBC version of bolometric corrections as in Chen et al. (2014), MNRAS, 444, 2525
# BCs of Carbon stars derive from Aringer et al. (2009, A&A 503, 913)
# O-rich circumstellar dust ignored
# C-rich circumstellar dust ignored
# IMF: Chabrier (2001) lognormal 
# On RGB, assumed Reimers mass loss with efficiency eta=0.2
# Kind of output: isochrone tables
#	Isochrone  Z = 0.00380	Y = 0.25570	[M/H] = -0.606	eta_R = 0.200	Age = 	5.1879e+09 yr
#      Z	log(age/yr)	M_ini   	M_act	logL/Lo	logTe	logG	mbol    U       B       V       R       I       J       H       K	int_IMF	stage
 Z	age	M_ini   	M_act	logL/Lo	logTe	logG	mbol    U       B       V       R       I       J       H       K	int_IMF	stage
	0.003800	9.7150	0.09000000	0.0900	-3.3055	3.4144	5.3073	13.034	22.602	19.776	17.720	15.344	13.041	10.911	10.496	10.274	1.46765435	1
	0.003800	9.7150	0.10000000	0.1000	-3.0937	3.4440	5.2598	12.504	20.559	18.176	16.258	14.307	12.273	10.471	9.997	9.753	1.57040203	1
	0.003800	9.7150	0.12000000	0.1200	-2.8217	3.4770	5.1988	11.824	18.409	16.433	14.641	13.088	11.390	9.890	9.368	9.112	1.74782515	1
	0.003800	9.7150	0.13232021	0.1323	-2.7042	3.4891	5.1724	11.531	17.621	15.786	14.033	12.602	11.038	9.633	9.099	8.842	1.84206760	1
	0.003800	9.7150	0.14000000	0.1400	-2.6364	3.4962	5.1571	11.361	17.191	15.431	13.704	12.333	10.842	9.484	8.944	8.689	1.89584959	1
	0.003800	9.7150	0.16000000	0.1600	-2.4943	3.5091	5.1249	11.006	16.385	14.756	13.078	11.802	10.442	9.168	8.617	8.365	2.02115250	1
	0.003800	9.7150	0.18825184	0.1883	-2.3360	3.5219	5.0883	10.610	15.594	14.078	12.450	11.251	10.012	8.810	8.251	8.003	2.16856980	1
	0.003800	9.7150	0.20000000	0.2000	-2.2770	3.5266	5.0746	10.462	15.316	13.835	12.229	11.054	9.854	8.676	8.114	7.868	2.22178221	1
	0.003800	9.7150	0.25000000	0.2500	-2.0743	3.5400	5.0223	9.956	14.464	13.077	11.532	10.418	9.322	8.207	7.636	7.397	2.40809011	1
	0.003800	9.7150	0.31384593	0.3138	-1.8663	3.5516	4.9593	9.436	13.685	12.366	10.870	9.801	8.786	7.719	7.140	6.909	2.58009887	1
	0.003800	9.7150	0.34629995	0.3463	-1.7759	3.5566	4.9316	9.210	13.357	12.063	10.587	9.536	8.555	7.508	6.925	6.696	2.64838600	1
	0.003800	9.7150	0.39629999	0.3963	-1.6238	3.5679	4.8834	8.829	12.761	11.519	10.085	9.071	8.165	7.163	6.569	6.347	2.73558831	1
	0.003800	9.7150	0.44629994	0.4463	-1.4578	3.5819	4.8252	8.415	12.105	10.918	9.538	8.567	7.741	6.788	6.183	5.973	2.80628777	1
	0.003800	9.7150	0.49629998	0.4963	-1.2784	3.6016	4.7707	7.966	11.339	10.229	8.930	8.019	7.285	6.393	5.769	5.585	2.86456561	1
	0.003800	9.7150	0.54629999	0.5463	-1.0849	3.6287	4.7269	7.482	10.437	9.422	8.254	7.432	6.798	5.974	5.329	5.193	2.91334796	1
	0.003800	9.7150	0.59630001	0.5963	-0.8995	3.6588	4.7002	7.019	9.393	8.564	7.564	6.862	6.331	5.593	4.984	4.886	2.95459700	1
	0.003800	9.7150	0.64629990	0.6462	-0.7212	3.6893	4.6789	6.573	8.320	7.783	6.921	6.342	5.884	5.247	4.722	4.644	2.98995638	1
	0.003800	9.7150	0.65297896	0.6529	-0.6982	3.6931	4.6755	6.515	8.192	7.692	6.844	6.278	5.827	5.203	4.689	4.613	2.99429154	1
	0.003800	9.7150	0.68803144	0.6879	-0.5799	3.7125	4.6574	6.220	7.561	7.237	6.462	5.957	5.541	4.979	4.521	4.453	3.01570344	1
	0.003800	9.7150	0.69629997	0.6962	-0.5526	3.7169	4.6530	6.152	7.422	7.136	6.377	5.884	5.476	4.928	4.481	4.416	3.02044964	1
	0.003800	9.7150	0.69943166	0.6993	-0.5423	3.7185	4.6512	6.126	7.371	7.098	6.345	5.857	5.451	4.908	4.466	4.402	3.02221870	1
	0.003800	9.7150	0.72272158	0.7226	-0.4665	3.7306	4.6377	5.936	7.007	6.827	6.117	5.660	5.274	4.767	4.356	4.296	3.03490853	1
	0.003800	9.7150	0.74421775	0.7441	-0.3976	3.7413	4.6245	5.764	6.693	6.590	5.917	5.484	5.115	4.639	4.255	4.199	3.04593730	1
	0.003800	9.7150	0.74629998	0.7462	-0.3909	3.7423	4.6232	5.747	6.665	6.567	5.898	5.468	5.100	4.627	4.245	4.190	3.04697275	1
	0.003800	9.7150	0.75246590	0.7523	-0.3715	3.7450	4.6179	5.699	6.584	6.503	5.844	5.419	5.055	4.590	4.213	4.160	3.05000687	1
	0.003800	9.7150	0.77524042	0.7751	-0.2999	3.7546	4.5976	5.520	6.296	6.271	5.647	5.242	4.892	4.453	4.097	4.047	3.06080699	1
	0.003800	9.7150	0.79629999	0.7961	-0.2341	3.7631	4.5775	5.355	6.043	6.063	5.469	5.081	4.744	4.327	3.989	3.943	3.07026052	1
	0.003800	9.7150	0.80023265	0.8000	-0.2219	3.7645	4.5730	5.325	5.999	6.025	5.436	5.051	4.716	4.302	3.968	3.922	3.07197142	1
	0.003800	9.7150	0.82208860	0.8219	-0.1538	3.7721	4.5470	5.154	5.758	5.818	5.256	4.886	4.562	4.168	3.847	3.805	3.08117461	1
	0.003800	9.7150	0.84245884	0.8422	-0.0906	3.7788	4.5211	4.997	5.540	5.629	5.091	4.735	4.422	4.043	3.734	3.696	3.08931184	1
	0.003800	9.7150	0.84630001	0.8460	-0.0787	3.7800	4.5160	4.967	5.500	5.593	5.060	4.706	4.395	4.019	3.713	3.674	3.09080124	1
	0.003800	9.7150	0.86102962	0.8608	-0.0329	3.7842	4.4945	4.852	5.352	5.458	4.941	4.598	4.295	3.927	3.627	3.593	3.09638667	1
	0.003800	9.7150	0.88178980	0.8815	0.0322	3.7898	4.4623	4.690	5.147	5.267	4.772	4.444	4.151	3.795	3.502	3.474	3.10393429	1
	0.003800	9.7150	0.89629990	0.8959	0.0781	3.7935	4.4382	4.575	5.009	5.135	4.654	4.334	4.047	3.699	3.413	3.388	3.10899687	1
	0.003800	9.7150	0.90721780	0.9068	0.1130	3.7962	4.4194	4.487	4.905	5.035	4.564	4.251	3.968	3.626	3.345	3.321	3.11269689	1
	0.003800	9.7150	0.92544812	0.9250	0.1724	3.8006	4.3861	4.339	4.732	4.866	4.411	4.108	3.832	3.500	3.226	3.205	3.11867547	1
	0.003800	9.7150	0.94141543	0.9409	0.2256	3.8042	4.3550	4.206	4.582	4.717	4.275	3.979	3.709	3.385	3.119	3.099	3.12371731	1
	0.003800	9.7150	0.94629997	0.9458	0.2419	3.8053	4.3452	4.165	4.537	4.671	4.233	3.939	3.671	3.350	3.086	3.066	3.12522483	1
	0.003800	9.7150	0.96031618	0.9598	0.2898	3.8085	4.3163	4.045	4.403	4.537	4.111	3.823	3.560	3.246	2.989	2.970	3.12946343	1
	0.003800	9.7150	0.97361058	0.9730	0.3355	3.8112	4.2872	3.931	4.279	4.411	3.994	3.711	3.453	3.145	2.894	2.875	3.13336802	1
	0.003800	9.7150	0.98569262	0.9850	0.3767	3.8132	4.2595	3.828	4.170	4.299	3.889	3.610	3.355	3.052	2.805	2.787	3.13682318	1
	0.003800	9.7150	0.99629998	0.9956	0.4131	3.8147	4.2336	3.737	4.075	4.201	3.796	3.521	3.268	2.968	2.725	2.707	3.13978577	1
	0.003800	9.7150	1.00473571	1.0040	0.4434	3.8158	4.2115	3.662	3.996	4.120	3.719	3.446	3.196	2.898	2.657	2.640	3.14209580	1
	0.003800	9.7150	1.01366460	1.0129	0.4771	3.8169	4.1860	3.577	3.910	4.030	3.633	3.363	3.114	2.820	2.581	2.564	3.14449573	1
	0.003800	9.7150	1.02449942	1.0236	0.5199	3.8179	4.1517	3.470	3.801	3.917	3.524	3.256	3.010	2.717	2.481	2.464	3.14734745	1
	0.003800	9.7150	1.02525115	1.0244	0.5229	3.8179	4.1492	3.463	3.793	3.909	3.517	3.249	3.002	2.710	2.474	2.457	3.14754295	1
	0.003800	9.7150	1.03484929	1.0339	0.5636	3.8180	4.1129	3.361	3.693	3.805	3.414	3.146	2.901	2.609	2.373	2.356	3.15001130	1
	0.003800	9.7150	1.04629993	1.0453	0.6154	3.8168	4.0611	3.231	3.571	3.677	3.284	3.015	2.768	2.473	2.236	2.218	3.15289235	1
	0.003800	9.7150	1.04778588	1.0468	0.6223	3.8167	4.0543	3.214	3.554	3.660	3.266	2.997	2.750	2.455	2.218	2.200	3.15326118	1
	0.003800	9.7150	1.05511343	1.0540	0.6587	3.8148	4.0132	3.123	3.472	3.574	3.176	2.904	2.654	2.354	2.114	2.095	3.15506387	2
	0.003800	9.7150	1.05680430	1.0557	0.6674	3.8140	4.0020	3.101	3.453	3.555	3.154	2.881	2.630	2.328	2.086	2.067	3.15547609	2
	0.003800	9.7150	1.06410801	1.0629	0.7053	3.8097	3.9499	3.007	3.377	3.473	3.061	2.780	2.523	2.212	1.962	1.941	3.15723991	2
	0.003800	9.7150	1.06971955	1.0685	0.7353	3.8046	3.9021	2.932	3.327	3.417	2.989	2.700	2.435	2.112	1.851	1.830	3.15857744	2
	0.003800	9.7150	1.07401383	1.0728	0.7584	3.7985	3.8562	2.874	3.299	3.384	2.936	2.635	2.361	2.023	1.751	1.727	3.15959096	2
	0.003800	9.7150	1.07736909	1.0761	0.7738	3.7910	3.8119	2.835	3.301	3.380	2.907	2.590	2.302	1.947	1.661	1.633	3.16037679	2
	0.003800	9.7150	1.08012307	1.0788	0.7814	3.7821	3.7699	2.817	3.334	3.406	2.902	2.563	2.261	1.886	1.584	1.549	3.16101766	2
	0.003800	9.7150	1.08255863	1.0812	0.7796	3.7712	3.7292	2.821	3.418	3.463	2.921	2.560	2.240	1.838	1.515	1.475	3.16158175	2
	0.003800	9.7150	1.08493829	1.0835	0.7667	3.7571	3.6867	2.853	3.562	3.568	2.976	2.589	2.246	1.807	1.453	1.407	3.16213012	2
	0.003800	9.7150	1.08732176	1.0859	0.7599	3.7417	3.6329	2.870	3.721	3.670	3.024	2.607	2.240	1.758	1.368	1.316	3.16267657	2
	0.003800	9.7150	1.08960187	1.0881	0.7872	3.7304	3.5611	2.802	3.773	3.670	2.984	2.544	2.158	1.643	1.224	1.169	3.16319728	2
	0.003800	9.7150	1.09056759	1.0891	0.8108	3.7271	3.5245	2.743	3.751	3.631	2.934	2.488	2.097	1.571	1.143	1.086	3.16341686	3
	0.003800	9.7150	1.09120226	1.0897	0.8309	3.7255	3.4983	2.693	3.719	3.591	2.888	2.439	2.046	1.515	1.082	1.025	3.16356111	3
	0.003800	9.7150	1.09247637	1.0910	0.8736	3.7225	3.4441	2.586	3.647	3.503	2.790	2.335	1.936	1.396	0.955	0.897	3.16385007	3
	0.003800	9.7150	1.09366894	1.0921	0.9186	3.7201	3.3901	2.474	3.561	3.406	2.684	2.224	1.822	1.274	0.827	0.768	3.16411996	3
	0.003800	9.7150	1.09478617	1.0932	0.9645	3.7181	3.3366	2.359	3.471	3.305	2.575	2.112	1.706	1.151	0.699	0.640	3.16437197	3
	0.003800	9.7150	1.09581113	1.0942	1.0103	3.7163	3.2840	2.244	3.379	3.203	2.467	1.999	1.590	1.030	0.572	0.513	3.16460276	3
	0.003800	9.7150	1.09630001	1.0947	1.0340	3.7154	3.2570	2.185	3.331	3.150	2.411	1.941	1.530	0.968	0.507	0.447	3.16471291	3
	0.003800	9.7150	1.09683824	1.0952	1.0603	3.7145	3.2270	2.119	3.277	3.091	2.348	1.877	1.464	0.898	0.435	0.375	3.16483378	3
	0.003800	9.7150	1.09773493	1.0960	1.1077	3.7127	3.1731	2.001	3.180	2.985	2.235	1.760	1.345	0.773	0.304	0.244	3.16503501	3
	0.003800	9.7150	1.09849715	1.0967	1.1511	3.7111	3.1234	1.892	3.091	2.888	2.132	1.653	1.235	0.658	0.185	0.124	3.16520572	3
	0.003800	9.7150	1.09924304	1.0974	1.1974	3.7094	3.0704	1.777	2.997	2.785	2.022	1.540	1.119	0.535	0.057	-0.004	3.16537237	3
	0.003800	9.7150	1.09992409	1.0981	1.2431	3.7076	3.0179	1.662	2.904	2.683	1.913	1.428	1.004	0.415	-0.069	-0.130	3.16552448	3
	0.003800	9.7150	1.10055053	1.0986	1.2890	3.7056	2.9644	1.547	2.815	2.583	1.806	1.317	0.889	0.293	-0.196	-0.258	3.16566420	3
	0.003800	9.7150	1.10111737	1.0991	1.3341	3.7038	2.9120	1.435	2.728	2.484	1.700	1.207	0.775	0.173	-0.322	-0.384	3.16579056	3
	0.003800	9.7150	1.10165381	1.0996	1.3806	3.7017	2.8574	1.318	2.640	2.383	1.591	1.094	0.658	0.049	-0.452	-0.515	3.16591001	3
	0.003800	9.7150	1.10211349	1.1000	1.4240	3.6997	2.8062	1.210	2.560	2.291	1.490	0.989	0.549	-0.067	-0.574	-0.638	3.16601205	3
	0.003800	9.7150	1.10255039	1.1003	1.4688	3.6976	2.7532	1.098	2.481	2.197	1.387	0.881	0.437	-0.187	-0.701	-0.765	3.16610909	3
	0.003800	9.7150	1.10294282	1.1006	1.5123	3.6955	2.7014	0.989	2.405	2.106	1.288	0.776	0.328	-0.303	-0.824	-0.889	3.16619635	3
	0.003800	9.7150	1.10329366	1.1009	1.5543	3.6934	2.6511	0.884	2.331	2.019	1.192	0.675	0.223	-0.416	-0.944	-1.009	3.16627407	3
	0.003800	9.7150	1.10362887	1.1011	1.5973	3.6912	2.5993	0.777	2.256	1.930	1.093	0.572	0.116	-0.531	-1.067	-1.133	3.16634846	3
	0.003800	9.7150	1.10393620	1.1013	1.6399	3.6890	2.5479	0.670	2.184	1.843	0.997	0.470	0.010	-0.645	-1.189	-1.255	3.16641641	3
	0.003800	9.7150	1.10422158	1.1015	1.6823	3.6866	2.4963	0.564	2.115	1.758	0.902	0.370	-0.095	-0.759	-1.311	-1.378	3.16647959	3
	0.003800	9.7150	1.10448229	1.1016	1.7237	3.6843	2.4456	0.461	2.056	1.678	0.809	0.270	-0.199	-0.871	-1.430	-1.498	3.16653728	3
	0.003800	9.7150	1.10472357	1.1017	1.7644	3.6820	2.3959	0.359	1.999	1.599	0.718	0.173	-0.300	-0.981	-1.547	-1.616	3.16659069	3
	0.003800	9.7150	1.10495687	1.1018	1.8052	3.6797	2.3458	0.257	1.943	1.521	0.627	0.076	-0.402	-1.091	-1.665	-1.735	3.16664219	3
	0.003800	9.7150	1.10518038	1.1018	1.8430	3.6775	2.2992	0.162	1.893	1.450	0.543	-0.013	-0.497	-1.193	-1.774	-1.844	3.16669154	3
	0.003800	9.7150	1.10550451	1.1019	1.8820	3.6753	2.2514	0.065	1.842	1.377	0.457	-0.106	-0.594	-1.298	-1.886	-1.957	3.16676331	3
	0.003800	9.7150	1.10576308	1.1019	1.8355	3.6786	2.3111	0.181	1.891	1.458	0.556	0.003	-0.479	-1.171	-1.748	-1.818	3.16682029	3
	0.003800	9.7150	1.10583746	1.1019	1.8121	3.6802	2.3408	0.240	1.917	1.499	0.607	0.058	-0.420	-1.107	-1.679	-1.749	3.16683674	3
	0.003800	9.7150	1.10593259	1.1019	1.8318	3.6790	2.3165	0.190	1.892	1.463	0.563	0.011	-0.469	-1.161	-1.736	-1.806	3.16685772	3
	0.003800	9.7150	1.10612786	1.1020	1.8761	3.6764	2.2617	0.080	1.836	1.381	0.466	-0.094	-0.580	-1.280	-1.864	-1.935	3.16690063	3
	0.003800	9.7150	1.10631871	1.1020	1.9194	3.6737	2.2078	-0.028	1.782	1.301	0.372	-0.196	-0.688	-1.397	-1.989	-2.061	3.16694283	3
	0.003800	9.7150	1.10649550	1.1019	1.9618	3.6711	2.1548	-0.135	1.730	1.224	0.280	-0.296	-0.794	-1.512	-2.112	-2.185	3.16698170	3
	0.003800	9.7150	1.10666072	1.1019	2.0039	3.6684	2.1020	-0.240	1.682	1.148	0.189	-0.395	-0.899	-1.626	-2.234	-2.308	3.16701818	3
	0.003800	9.7150	1.10681534	1.1018	2.0460	3.6657	2.0490	-0.345	1.635	1.074	0.099	-0.493	-1.003	-1.740	-2.356	-2.431	3.16705227	3
	0.003800	9.7150	1.10695422	1.1017	2.0869	3.6631	1.9974	-0.447	1.592	1.003	0.012	-0.588	-1.104	-1.851	-2.475	-2.551	3.16708279	3
	0.003800	9.7150	1.10708714	1.1015	2.1290	3.6603	1.9442	-0.552	1.557	0.933	-0.077	-0.686	-1.209	-1.965	-2.597	-2.674	3.16711211	3
	0.003800	9.7150	1.10720515	1.1013	2.1691	3.6576	1.8930	-0.653	1.530	0.869	-0.159	-0.778	-1.308	-2.074	-2.715	-2.793	3.16713810	3
	0.003800	9.7150	1.10731804	1.1011	2.2105	3.6548	1.8404	-0.756	1.503	0.804	-0.243	-0.873	-1.409	-2.186	-2.837	-2.916	3.16716290	3
	0.003800	9.7150	1.10742009	1.1008	2.2506	3.6520	1.7890	-0.856	1.478	0.742	-0.324	-0.964	-1.507	-2.295	-2.955	-3.035	3.16718531	3
	0.003800	9.7150	1.10751748	1.1005	2.2916	3.6491	1.7363	-0.959	1.456	0.679	-0.406	-1.057	-1.607	-2.406	-3.076	-3.157	3.16720676	3
	0.003800	9.7150	1.10760498	1.1002	2.3312	3.6463	1.6853	-1.058	1.439	0.621	-0.484	-1.146	-1.703	-2.513	-3.192	-3.275	3.16722584	3
	0.003800	9.7150	1.10768771	1.0998	2.3717	3.6433	1.6329	-1.159	1.422	0.562	-0.563	-1.236	-1.801	-2.623	-3.312	-3.396	3.16724420	3
	0.003800	9.7150	1.10776436	1.0994	2.4122	3.6404	1.5805	-1.261	1.406	0.503	-0.642	-1.327	-1.899	-2.732	-3.431	-3.517	3.16726089	3
	0.003800	9.7150	1.10783625	1.0989	2.4531	3.6374	1.5273	-1.363	1.395	0.447	-0.720	-1.417	-1.997	-2.842	-3.551	-3.638	3.16727686	3
	0.003800	9.7150	1.10790420	1.0984	2.4947	3.6343	1.4734	-1.467	1.384	0.389	-0.799	-1.508	-2.097	-2.954	-3.673	-3.762	3.16729164	3
	0.003800	9.7150	1.10798025	1.0977	2.5447	3.6305	1.4079	-1.592	1.378	0.321	-0.892	-1.617	-2.216	-3.088	-3.819	-3.911	3.16730833	3
	0.003800	9.7150	1.10803854	1.0970	2.5862	3.6274	1.3537	-1.695	1.374	0.266	-0.968	-1.707	-2.315	-3.199	-3.940	-4.034	3.16732121	3
	0.003800	9.7150	1.10810518	1.0960	2.6377	3.6234	1.2858	-1.824	1.373	0.201	-1.060	-1.817	-2.436	-3.336	-4.091	-4.188	3.16733575	3
	0.003800	9.7150	1.10816479	1.0950	2.6878	3.6196	1.2201	-1.949	1.371	0.137	-1.150	-1.923	-2.554	-3.470	-4.238	-4.337	3.16734886	3
	0.003800	9.7150	1.10822129	1.0938	2.7393	3.6155	1.1516	-2.078	1.379	0.077	-1.237	-2.030	-2.674	-3.607	-4.389	-4.492	3.16736126	3
	0.003800	9.7150	1.10827410	1.0924	2.7916	3.6114	1.0824	-2.209	1.386	0.017	-1.326	-2.137	-2.795	-3.746	-4.543	-4.648	3.16737294	3
	0.003800	9.7150	1.10832250	1.0908	2.8439	3.6073	1.0129	-2.340	1.398	-0.040	-1.411	-2.242	-2.915	-3.885	-4.697	-4.806	3.16738367	3
	0.003800	9.7150	1.10836637	1.0891	2.8954	3.6030	0.9437	-2.468	1.454	-0.080	-1.490	-2.344	-3.033	-4.023	-4.847	-4.961	3.16739321	3
	0.003800	9.7150	1.10840750	1.0871	2.9475	3.5989	0.8742	-2.599	1.514	-0.121	-1.572	-2.447	-3.154	-4.162	-4.997	-5.116	3.16740227	3
	0.003800	9.7150	1.10844672	1.0847	3.0013	3.5944	0.8017	-2.733	1.583	-0.157	-1.652	-2.549	-3.277	-4.305	-5.151	-5.277	3.16741085	3
	0.003800	9.7150	1.10848212	1.0820	3.0541	3.5899	0.7297	-2.865	1.657	-0.189	-1.728	-2.649	-3.396	-4.446	-5.303	-5.435	3.16741872	3
	0.003800	9.7150	1.10851538	1.0789	3.1076	3.5853	0.6566	-2.999	1.739	-0.218	-1.801	-2.745	-3.516	-4.588	-5.457	-5.596	3.16742587	3
	0.003800	9.7150	1.10854733	1.0752	3.1633	3.5805	0.5801	-3.138	1.829	-0.245	-1.877	-2.847	-3.640	-4.735	-5.617	-5.763	3.16743302	3
	0.003800	9.7150	1.10857713	1.0709	3.2191	3.5754	0.5023	-3.278	1.923	-0.265	-1.943	-2.937	-3.763	-4.883	-5.776	-5.930	3.16743946	3
	0.003800	9.7150	1.10860419	1.0659	3.2738	3.5703	0.4252	-3.415	1.979	-0.288	-2.002	-3.020	-3.883	-5.028	-5.934	-6.097	3.16744542	3
	0.003800	9.7150	1.10863018	1.0599	3.3293	3.5649	0.3457	-3.553	2.036	-0.303	-2.043	-3.081	-4.004	-5.177	-6.095	-6.266	3.16745114	3
	0.003800	9.7150	1.10864544	1.0557	3.3605	3.5619	0.3006	-3.631	2.070	-0.310	-2.066	-3.116	-4.071	-5.260	-6.185	-6.362	3.16745448	4
	0.003800	9.7150	1.10864544	1.0557	1.7842	3.7037	2.4441	0.310	1.617	1.365	0.574	0.084	-0.350	-0.956	-1.454	-1.514	3.16745448	4
	0.003800	9.7150	1.10882533	1.0558	1.7961	3.7027	2.4282	0.280	1.603	1.344	0.548	0.055	-0.380	-0.990	-1.490	-1.551	3.16749382	4
	0.003800	9.7150	1.10899436	1.0559	1.8008	3.7024	2.4224	0.268	1.596	1.334	0.537	0.043	-0.392	-1.003	-1.504	-1.565	3.16753101	4
	0.003800	9.7150	1.10916698	1.0560	1.8030	3.7025	2.4205	0.263	1.590	1.329	0.532	0.038	-0.398	-1.008	-1.509	-1.570	3.16756892	4
	0.003800	9.7150	1.10933983	1.0561	1.8035	3.7027	2.4211	0.261	1.585	1.325	0.529	0.036	-0.399	-1.008	-1.508	-1.569	3.16760659	4
	0.003800	9.7150	1.10951567	1.0561	1.8034	3.7031	2.4228	0.262	1.580	1.322	0.528	0.036	-0.398	-1.006	-1.505	-1.566	3.16764522	4
	0.003800	9.7150	1.10968769	1.0562	1.8031	3.7035	2.4248	0.262	1.575	1.320	0.527	0.036	-0.397	-1.004	-1.502	-1.563	3.16768289	4
	0.003800	9.7150	1.10986555	1.0563	1.8027	3.7040	2.4269	0.263	1.569	1.317	0.527	0.037	-0.396	-1.001	-1.498	-1.559	3.16772175	4
	0.003800	9.7150	1.11003613	1.0564	1.8024	3.7044	2.4290	0.264	1.564	1.314	0.526	0.037	-0.395	-0.999	-1.495	-1.555	3.16775918	4
	0.003800	9.7150	1.11021757	1.0564	1.8024	3.7048	2.4306	0.264	1.558	1.311	0.525	0.036	-0.395	-0.997	-1.492	-1.552	3.16779876	4
	0.003800	9.7150	1.11039293	1.0565	1.8026	3.7051	2.4319	0.264	1.553	1.308	0.523	0.035	-0.395	-0.997	-1.490	-1.550	3.16783714	4
	0.003800	9.7150	1.11057556	1.0566	1.8028	3.7055	2.4330	0.263	1.547	1.304	0.521	0.034	-0.396	-0.996	-1.488	-1.548	3.16787720	4
	0.003800	9.7150	1.11075294	1.0567	1.8032	3.7058	2.4339	0.262	1.542	1.301	0.519	0.033	-0.397	-0.996	-1.487	-1.547	3.16791582	4
	0.003800	9.7150	1.11092401	1.0568	1.8037	3.7060	2.4344	0.261	1.537	1.298	0.516	0.031	-0.398	-0.996	-1.487	-1.547	3.16795325	4
	0.003800	9.7150	1.11109352	1.0568	1.8043	3.7063	2.4348	0.259	1.532	1.294	0.514	0.029	-0.399	-0.997	-1.487	-1.547	3.16799021	4
	0.003800	9.7150	1.11126280	1.0569	1.8050	3.7065	2.4349	0.257	1.528	1.291	0.511	0.027	-0.401	-0.998	-1.487	-1.547	3.16802716	4
	0.003800	9.7150	1.11142528	1.0570	1.8058	3.7067	2.4349	0.255	1.523	1.288	0.509	0.025	-0.403	-0.999	-1.488	-1.548	3.16806269	4
	0.003800	9.7150	1.11159694	1.0571	1.8067	3.7068	2.4347	0.253	1.519	1.284	0.506	0.023	-0.405	-1.001	-1.489	-1.549	3.16810012	4
	0.003800	9.7150	1.11176431	1.0571	1.8078	3.7069	2.4341	0.250	1.515	1.280	0.503	0.020	-0.407	-1.003	-1.491	-1.551	3.16813660	4
	0.003800	9.7150	1.11193347	1.0572	1.8091	3.7070	2.4332	0.247	1.511	1.277	0.499	0.016	-0.411	-1.006	-1.494	-1.553	3.16817355	4
	0.003800	9.7150	1.11210072	1.0573	1.8106	3.7070	2.4318	0.244	1.507	1.273	0.495	0.013	-0.414	-1.010	-1.497	-1.557	3.16821003	4
	0.003800	9.7150	1.11226642	1.0573	1.8122	3.7070	2.4302	0.239	1.503	1.269	0.491	0.008	-0.418	-1.014	-1.502	-1.561	3.16824603	4
	0.003800	9.7150	1.11232781	1.0574	1.8129	3.7070	2.4294	0.238	1.501	1.267	0.490	0.007	-0.420	-1.016	-1.503	-1.563	3.16825962	4
	0.003800	9.7150	1.11242926	1.0574	1.8142	3.7070	2.4280	0.235	1.499	1.264	0.487	0.004	-0.423	-1.019	-1.507	-1.566	3.16828156	4
	0.003800	9.7150	1.11258936	1.0575	1.8165	3.7068	2.4251	0.229	1.496	1.260	0.481	-0.002	-0.429	-1.025	-1.514	-1.573	3.16831636	4
	0.003800	9.7150	1.11274493	1.0576	1.8190	3.7066	2.4219	0.223	1.493	1.255	0.476	-0.008	-0.436	-1.032	-1.521	-1.581	3.16835022	4
	0.003800	9.7150	1.11290550	1.0576	1.8221	3.7064	2.4178	0.215	1.489	1.250	0.469	-0.015	-0.444	-1.041	-1.531	-1.590	3.16838527	4
	0.003800	9.7150	1.11306274	1.0577	1.8255	3.7061	2.4131	0.206	1.486	1.244	0.462	-0.024	-0.452	-1.051	-1.541	-1.601	3.16841960	4
	0.003800	9.7150	1.11321831	1.0577	1.8294	3.7057	2.4076	0.196	1.482	1.238	0.453	-0.033	-0.463	-1.062	-1.554	-1.614	3.16845322	4
	0.003800	9.7150	1.11337554	1.0578	1.8340	3.7052	2.4010	0.185	1.478	1.230	0.444	-0.044	-0.474	-1.076	-1.569	-1.629	3.16848755	4
	0.003800	9.7150	1.11353385	1.0579	1.8391	3.7046	2.3936	0.172	1.475	1.222	0.433	-0.056	-0.488	-1.091	-1.585	-1.646	3.16852188	4
	0.003800	9.7150	1.11369336	1.0579	1.8452	3.7039	2.3848	0.157	1.470	1.213	0.420	-0.070	-0.503	-1.109	-1.605	-1.666	3.16855669	4
	0.003800	9.7150	1.11384964	1.0580	1.8526	3.7031	2.3743	0.139	1.464	1.201	0.405	-0.088	-0.522	-1.130	-1.629	-1.690	3.16859055	4
	0.003800	9.7150	1.11400580	1.0580	1.8626	3.7020	2.3598	0.114	1.457	1.186	0.384	-0.111	-0.548	-1.160	-1.661	-1.722	3.16862440	4
	0.003800	9.7150	1.11416876	1.0581	1.8838	3.6996	2.3290	0.061	1.441	1.153	0.339	-0.161	-0.603	-1.222	-1.730	-1.792	3.16865993	4
	0.003800	9.7150	1.11429656	1.0581	1.9210	3.6954	2.2752	-0.032	1.417	1.097	0.263	-0.248	-0.697	-1.330	-1.851	-1.914	3.16868758	4
	0.003800	9.7150	1.11435437	1.0581	1.9657	3.6907	2.2117	-0.144	1.383	1.028	0.170	-0.352	-0.810	-1.459	-1.994	-2.058	3.16870022	4
	0.003800	9.7150	1.11437857	1.0581	2.0102	3.6863	2.1493	-0.255	1.352	0.960	0.079	-0.454	-0.921	-1.586	-2.135	-2.201	3.16870546	4
	0.003800	9.7150	1.11438966	1.0581	2.0546	3.6820	2.0877	-0.366	1.319	0.891	-0.012	-0.555	-1.031	-1.712	-2.276	-2.343	3.16870785	4
	0.003800	9.7150	1.11439502	1.0581	2.0939	3.6783	2.0337	-0.465	1.291	0.831	-0.092	-0.645	-1.129	-1.823	-2.398	-2.467	3.16870904	4
	0.003800	9.7150	1.11439705	1.0581	2.1156	3.6763	2.0041	-0.519	1.275	0.797	-0.136	-0.695	-1.183	-1.883	-2.465	-2.535	3.16870928	7
	0.003800	9.7150	1.11439717	1.0581	2.1162	3.6763	2.0034	-0.520	1.275	0.796	-0.137	-0.696	-1.184	-1.885	-2.467	-2.536	3.16870928	7
	0.003800	9.7150	1.11439872	1.0581	2.1361	3.6744	1.9762	-0.570	1.265	0.767	-0.177	-0.742	-1.234	-1.941	-2.529	-2.599	3.16870975	7
	0.003800	9.7150	1.11440217	1.0581	2.1792	3.6706	1.9178	-0.678	1.242	0.703	-0.264	-0.842	-1.342	-2.061	-2.661	-2.732	3.16871047	7
	0.003800	9.7150	1.11440563	1.0581	2.2134	3.6677	1.8719	-0.764	1.227	0.653	-0.332	-0.920	-1.427	-2.157	-2.764	-2.837	3.16871119	7
	0.003800	9.7150	1.11441541	1.0580	2.2128	3.6678	1.8730	-0.762	1.226	0.653	-0.332	-0.919	-1.425	-2.155	-2.762	-2.835	3.16871333	7
	0.003800	9.7150	1.11444008	1.0580	2.1944	3.6695	1.8979	-0.716	1.232	0.679	-0.295	-0.877	-1.380	-2.103	-2.706	-2.778	3.16871881	7
	0.003800	9.7150	1.11456764	1.0577	2.1954	3.6692	1.8958	-0.719	1.235	0.679	-0.296	-0.879	-1.382	-2.107	-2.710	-2.782	3.16874647	7
	0.003800	9.7150	1.11463344	1.0576	2.2291	3.6662	1.8500	-0.803	1.224	0.632	-0.363	-0.955	-1.466	-2.201	-2.813	-2.886	3.16876054	7
	0.003800	9.7150	1.11467457	1.0575	2.2567	3.6638	1.8126	-0.872	1.214	0.593	-0.417	-1.018	-1.534	-2.278	-2.897	-2.971	3.16876960	7
	0.003800	9.7150	1.11471605	1.0574	2.2867	3.6611	1.7720	-0.947	1.204	0.551	-0.477	-1.086	-1.608	-2.361	-2.988	-3.064	3.16877866	7
	0.003800	9.7150	1.11476171	1.0572	2.3239	3.6579	1.7219	-1.040	1.194	0.499	-0.549	-1.169	-1.699	-2.464	-3.102	-3.179	3.16878843	7
	0.003800	9.7150	1.11480308	1.0570	2.3622	3.6546	1.6702	-1.136	1.186	0.447	-0.622	-1.254	-1.792	-2.570	-3.219	-3.297	3.16879749	7
	0.003800	9.7150	1.11484051	1.0568	2.4016	3.6512	1.6171	-1.234	1.178	0.394	-0.697	-1.342	-1.887	-2.678	-3.339	-3.419	3.16880560	7
	0.003800	9.7150	1.11487484	1.0566	2.4424	3.6476	1.5620	-1.336	1.174	0.341	-0.773	-1.431	-1.985	-2.791	-3.463	-3.544	3.16881299	7
	0.003800	9.7150	1.11490583	1.0564	2.4841	3.6440	1.5057	-1.440	1.172	0.289	-0.850	-1.522	-2.086	-2.905	-3.590	-3.673	3.16881967	7
	0.003800	9.7150	1.11493397	1.0561	2.5263	3.6403	1.4488	-1.546	1.173	0.235	-0.928	-1.613	-2.186	-3.020	-3.717	-3.802	3.16882586	7
	0.003800	9.7150	1.11495900	1.0558	2.5679	3.6367	1.3925	-1.650	1.178	0.185	-1.002	-1.702	-2.285	-3.133	-3.842	-3.929	3.16883111	7
	0.003800	9.7150	1.11498201	1.0555	2.6091	3.6331	1.3368	-1.753	1.185	0.135	-1.075	-1.790	-2.383	-3.245	-3.966	-4.055	3.16883612	7
	0.003800	9.7150	1.11500359	1.0552	2.6514	3.6295	1.2799	-1.858	1.191	0.084	-1.150	-1.880	-2.483	-3.359	-4.092	-4.184	3.16884089	7
	0.003800	9.7150	1.11502445	1.0548	2.6943	3.6257	1.2218	-1.966	1.202	0.036	-1.222	-1.970	-2.583	-3.475	-4.220	-4.315	3.16884542	7
	0.003800	9.7150	1.11504436	1.0543	2.7376	3.6219	1.1628	-2.074	1.216	-0.012	-1.295	-2.060	-2.684	-3.591	-4.350	-4.448	3.16884971	7
	0.003800	9.7150	1.11506236	1.0539	2.7796	3.6182	1.1059	-2.179	1.229	-0.057	-1.365	-2.146	-2.781	-3.704	-4.476	-4.576	3.16885352	7
	0.003800	9.7150	1.11508083	1.0533	2.8238	3.6143	1.0460	-2.290	1.246	-0.102	-1.435	-2.234	-2.882	-3.822	-4.608	-4.711	3.16885757	7
	0.003800	9.7150	1.11509919	1.0526	2.8677	3.6104	0.9862	-2.399	1.275	-0.143	-1.505	-2.322	-2.983	-3.940	-4.739	-4.845	3.16886163	7
	0.003800	9.7150	1.11511636	1.0518	2.9129	3.6063	0.9244	-2.512	1.340	-0.171	-1.571	-2.410	-3.087	-4.062	-4.872	-4.983	3.16886544	7
	0.003800	9.7150	1.11512959	1.0511	2.9608	3.6020	0.8589	-2.632	1.411	-0.200	-1.641	-2.502	-3.196	-4.191	-5.013	-5.129	3.16886830	7
	0.003800	9.7150	1.11513865	1.0505	3.0078	3.5977	0.7946	-2.749	1.483	-0.226	-1.708	-2.591	-3.303	-4.318	-5.150	-5.272	3.16887021	7
	0.003800	9.7150	1.11514688	1.0498	3.0580	3.5931	0.7256	-2.875	1.563	-0.252	-1.777	-2.683	-3.416	-4.452	-5.297	-5.425	3.16887188	7
	0.003800	9.7150	1.11515450	1.0491	3.1095	3.5883	0.6543	-3.004	1.651	-0.274	-1.845	-2.776	-3.530	-4.590	-5.447	-5.582	3.16887355	7
	0.003800	9.7150	1.11516154	1.0483	3.1627	3.5832	0.5805	-3.137	1.751	-0.292	-1.911	-2.869	-3.647	-4.731	-5.602	-5.744	3.16887522	7
	0.003800	9.7150	1.11516821	1.0473	3.2220	3.5773	0.4970	-3.285	1.868	-0.305	-1.978	-2.966	-3.776	-4.888	-5.775	-5.926	3.16887665	7
	0.003800	9.7150	1.11517179	1.0465	3.3363	3.5652	0.3342	-3.571	2.019	-0.322	-2.065	-3.103	-4.022	-5.194	-6.110	-6.282	3.16887736	7
	0.003800	9.7150	1.11517239	1.0463	3.3491	3.5638	0.3158	-3.603	2.036	-0.323	-2.072	-3.115	-4.049	-5.228	-6.148	-6.322	3.16887736	7
	0.003800	9.7150	1.11517262	1.0463	3.3506	3.5636	0.3136	-3.607	2.039	-0.323	-2.073	-3.117	-4.053	-5.232	-6.152	-6.327	3.16887760	8
