# File generated by CMD 2.8 (http://stev.oapd.inaf.it/cmd) on Sat May 14 18:06:18 CEST 2016
# PARSEC isochrones, release v1.2S
# Basic references: Bressan et al. (2012), MNRAS, 427, 127 + Chen et al. (2014, 2015), MNRAS, 444, 2525 + MNRAS, 452, 1068 + Tang et al. (2014), MNRAS, 445, 4287
# Warning: you choose not to include the TP-AGB phase!
# Photometric system: <i>UBVRIJHK</i> (cf. Maiz-Apellaniz 2006 + Bessell 1990)
# Using NBC version of bolometric corrections as in Chen et al. (2014), MNRAS, 444, 2525
# BCs of Carbon stars derive from Aringer et al. (2009, A&A 503, 913)
# O-rich circumstellar dust ignored
# C-rich circumstellar dust ignored
# IMF: Chabrier (2001) lognormal 
# On RGB, assumed Reimers mass loss with efficiency eta=0.2
# Kind of output: isochrone tables
#	Isochrone  Z = 0.00750	Y = 0.26210	[M/H] = -0.304	eta_R = 0.200	Age = 	2.7339e+09 yr
#      Z	log(age/yr)	M_ini   	M_act	logL/Lo	logTe	logG	mbol    U       B       V       R       I       J       H       K	int_IMF	stage
Z	age	M_ini   	M_act	logL/Lo	logTe	logG	mbol    U       B       V       R       I       J       H       K	int_IMF	stage
	0.007500	9.4368	0.09000000	0.0900	-3.3644	3.3891	5.2651	13.181	24.180	20.915	18.875	16.210	13.693	11.011	10.516	10.264	1.46765435	1
	0.007500	9.4368	0.09286498	0.0929	-3.3045	3.3978	5.2537	13.031	23.514	20.419	18.415	15.880	13.445	10.887	10.384	10.124	1.49815178	1
	0.007500	9.4368	0.10000000	0.1000	-3.1626	3.4185	5.2266	12.676	21.944	19.249	17.327	15.097	12.858	10.594	10.069	9.793	1.57040203	1
	0.007500	9.4368	0.11561374	0.1156	-2.9530	3.4441	5.1824	12.152	20.054	17.774	15.966	14.081	12.067	10.141	9.594	9.305	1.71173370	1
	0.007500	9.4368	0.12000000	0.1200	-2.8992	3.4507	5.1711	12.018	19.608	17.415	15.636	13.829	11.871	10.024	9.471	9.182	1.74782515	1
	0.007500	9.4368	0.14000000	0.1400	-2.7150	3.4702	5.1320	11.557	18.261	16.322	14.610	13.024	11.256	9.617	9.052	8.765	1.89584959	1
	0.007500	9.4368	0.16000000	0.1600	-2.5728	3.4837	5.1016	11.202	17.355	15.569	13.897	12.446	10.813	9.299	8.727	8.445	2.02115250	1
	0.007500	9.4368	0.20000000	0.2000	-2.3574	3.5017	5.0554	10.663	16.168	14.559	12.942	11.637	10.180	8.809	8.231	7.959	2.22178221	1
	0.007500	9.4368	0.25000000	0.2500	-2.1568	3.5167	5.0115	10.162	15.222	13.728	12.155	10.945	9.622	8.348	7.763	7.501	2.40809011	1
	0.007500	9.4368	0.30000001	0.3000	-1.9983	3.5272	4.9743	9.766	14.563	13.131	11.592	10.435	9.193	7.979	7.388	7.135	2.54750419	1
	0.007500	9.4368	0.31320295	0.3132	-1.9531	3.5301	4.9591	9.653	14.382	12.966	11.437	10.293	9.072	7.873	7.280	7.030	2.57863307	1
	0.007500	9.4368	0.38878301	0.3888	-1.7246	3.5443	4.8816	9.082	13.520	12.164	10.682	9.595	8.470	7.339	6.735	6.497	2.72363710	1
	0.007500	9.4368	0.43878299	0.4388	-1.5680	3.5573	4.8294	8.690	12.905	11.584	10.137	9.093	8.057	6.984	6.369	6.141	2.79654646	1
	0.007500	9.4368	0.48878300	0.4888	-1.4016	3.5737	4.7756	8.274	12.243	10.952	9.541	8.545	7.620	6.615	5.987	5.774	2.85646057	1
	0.007500	9.4368	0.52362365	0.5236	-1.2780	3.5886	4.7412	7.965	11.729	10.462	9.090	8.133	7.298	6.348	5.706	5.512	2.89227843	1
	0.007500	9.4368	0.53878301	0.5388	-1.2271	3.5947	4.7272	7.838	11.524	10.265	8.912	7.971	7.167	6.236	5.589	5.403	2.90654349	1
	0.007500	9.4368	0.58731389	0.5873	-1.0579	3.6197	4.6955	7.415	10.785	9.557	8.296	7.423	6.733	5.873	5.205	5.064	2.94765759	1
	0.007500	9.4368	0.58878303	0.5888	-1.0530	3.6204	4.6946	7.403	10.763	9.536	8.279	7.407	6.720	5.862	5.195	5.054	2.94880533	1
	0.007500	9.4368	0.61300808	0.6130	-0.9687	3.6348	4.6855	7.192	10.341	9.145	7.956	7.131	6.504	5.685	5.023	4.905	2.96700382	1
	0.007500	9.4368	0.63878298	0.6388	-0.8822	3.6497	4.6762	6.976	9.849	8.727	7.619	6.849	6.283	5.508	4.865	4.766	2.98497248	1
	0.007500	9.4368	0.67260015	0.6726	-0.7716	3.6693	4.6666	6.699	9.131	8.193	7.187	6.502	6.000	5.290	4.698	4.614	3.00654387	1
	0.007500	9.4368	0.68878299	0.6887	-0.7204	3.6784	4.6620	6.571	8.799	7.958	6.996	6.348	5.869	5.191	4.627	4.549	3.01613951	1
	0.007500	9.4368	0.73878300	0.7387	-0.5694	3.7042	4.6448	6.194	7.906	7.326	6.471	5.920	5.493	4.902	4.416	4.350	3.04320765	1
	0.007500	9.4368	0.74645472	0.7464	-0.5472	3.7077	4.6411	6.138	7.785	7.240	6.399	5.859	5.439	4.859	4.384	4.319	3.04704952	1
	0.007500	9.4368	0.78878301	0.7887	-0.4274	3.7265	4.6203	5.838	7.162	6.793	6.024	5.540	5.153	4.632	4.207	4.150	3.06694245	1
	0.007500	9.4368	0.82565635	0.8256	-0.3268	3.7411	4.5978	5.587	6.687	6.441	5.727	5.281	4.917	4.440	4.052	4.000	3.08262944	1
	0.007500	9.4368	0.83878303	0.8387	-0.2917	3.7461	4.5896	5.499	6.529	6.322	5.627	5.192	4.837	4.373	3.998	3.948	3.08787322	1
	0.007500	9.4368	0.88106954	0.8810	-0.1811	3.7605	4.5581	5.223	6.071	5.961	5.320	4.917	4.582	4.158	3.817	3.772	3.10367846	1
	0.007500	9.4368	0.88878298	0.8887	-0.1613	3.7631	4.5523	5.173	5.994	5.898	5.266	4.868	4.537	4.120	3.784	3.740	3.10639524	1
	0.007500	9.4368	0.90328610	0.9032	-0.1243	3.7674	4.5397	5.081	5.853	5.781	5.165	4.777	4.453	4.047	3.720	3.678	3.11137486	1
	0.007500	9.4368	0.93878299	0.9386	-0.0347	3.7777	4.5079	4.857	5.519	5.501	4.926	4.561	4.253	3.873	3.567	3.530	3.12289834	1
	0.007500	9.4368	0.95570785	0.9555	0.0078	3.7820	4.4906	4.750	5.365	5.371	4.814	4.461	4.160	3.791	3.493	3.459	3.12808394	1
	0.007500	9.4368	0.97721171	0.9770	0.0614	3.7874	4.4681	4.617	5.173	5.209	4.675	4.337	4.045	3.688	3.399	3.369	3.13440704	1
	0.007500	9.4368	0.98878300	0.9886	0.0900	3.7902	4.4557	4.545	5.072	5.122	4.601	4.271	3.983	3.632	3.348	3.320	3.13769293	1
	0.007500	9.4368	1.01056242	1.0103	0.1437	3.7950	4.4309	4.411	4.896	4.963	4.462	4.144	3.865	3.525	3.249	3.224	3.14366722	1
	0.007500	9.4368	1.03378105	1.0335	0.2006	3.8000	4.4039	4.268	4.712	4.795	4.315	4.009	3.738	3.410	3.143	3.121	3.14973903	1
	0.007500	9.4368	1.03878295	1.0385	0.2129	3.8011	4.3979	4.238	4.675	4.760	4.284	3.980	3.710	3.384	3.119	3.098	3.15100884	1
	0.007500	9.4368	1.05094790	1.0507	0.2425	3.8037	4.3837	4.164	4.587	4.674	4.208	3.908	3.643	3.323	3.064	3.043	3.15404248	1
	0.007500	9.4368	1.06622422	1.0659	0.2794	3.8068	4.3655	4.072	4.478	4.567	4.113	3.820	3.559	3.247	2.993	2.974	3.15774608	1
	0.007500	9.4368	1.08132339	1.0810	0.3156	3.8098	4.3473	3.981	4.371	4.463	4.020	3.732	3.476	3.171	2.924	2.905	3.16129589	1
	0.007500	9.4368	1.08878303	1.0885	0.3335	3.8112	4.3381	3.936	4.320	4.412	3.974	3.689	3.435	3.134	2.889	2.871	3.16301060	1
	0.007500	9.4368	1.09813392	1.0978	0.3557	3.8130	4.3268	3.881	4.257	4.349	3.917	3.636	3.385	3.087	2.847	2.828	3.16512418	1
	0.007500	9.4368	1.11442339	1.1141	0.3943	3.8160	4.3066	3.784	4.149	4.240	3.818	3.542	3.297	3.006	2.772	2.754	3.16871500	1
	0.007500	9.4368	1.12955427	1.1292	0.4298	3.8186	4.2873	3.696	4.049	4.140	3.727	3.457	3.215	2.931	2.702	2.684	3.17195034	1
	0.007500	9.4368	1.13878298	1.1384	0.4511	3.8200	4.2752	3.642	3.990	4.080	3.672	3.405	3.166	2.885	2.659	2.642	3.17387819	1
	0.007500	9.4368	1.14591789	1.1455	0.4670	3.8211	4.2663	3.602	3.947	4.036	3.632	3.366	3.129	2.850	2.627	2.610	3.17534542	1
	0.007500	9.4368	1.16040993	1.1600	0.4983	3.8228	4.2475	3.524	3.863	3.949	3.552	3.290	3.056	2.781	2.561	2.545	3.17826605	1
	0.007500	9.4368	1.17366171	1.1732	0.5258	3.8239	4.2294	3.456	3.791	3.876	3.482	3.222	2.990	2.718	2.501	2.484	3.18086863	1
	0.007500	9.4368	1.18878305	1.1883	0.5553	3.8245	4.2075	3.382	3.717	3.798	3.407	3.149	2.918	2.647	2.431	2.414	3.18376184	1
	0.007500	9.4368	1.23878300	1.2383	0.6511	3.8249	4.1313	3.142	3.480	3.553	3.165	2.908	2.679	2.409	2.196	2.178	3.19278669	1
	0.007500	9.4368	1.26486313	1.2643	0.7012	3.8236	4.0852	3.017	3.362	3.429	3.039	2.781	2.550	2.278	2.062	2.044	3.19718862	1
	0.007500	9.4368	1.28878295	1.2882	0.7464	3.8215	4.0396	2.904	3.259	3.322	2.926	2.665	2.431	2.154	1.934	1.916	3.20105147	1
	0.007500	9.4368	1.29303396	1.2924	0.7546	3.8210	4.0306	2.883	3.241	3.303	2.906	2.643	2.409	2.130	1.910	1.891	3.20172095	1
	0.007500	9.4368	1.32478702	1.3241	0.8160	3.8157	3.9589	2.730	3.113	3.167	2.754	2.483	2.241	1.950	1.720	1.700	3.20656800	1
	0.007500	9.4368	1.35000002	1.3493	0.8670	3.8108	3.8963	2.603	3.009	3.056	2.629	2.349	2.099	1.797	1.557	1.536	3.21023273	1
	0.007500	9.4368	1.36556423	1.3649	0.9014	3.8076	3.8540	2.516	2.941	2.982	2.545	2.259	2.005	1.695	1.449	1.427	3.21241856	1
	0.007500	9.4368	1.37658083	1.3759	0.9556	3.8134	3.8266	2.381	2.780	2.820	2.403	2.129	1.884	1.588	1.356	1.334	3.21393204	1
	0.007500	9.4368	1.37873590	1.3780	0.9890	3.8207	3.8232	2.298	2.667	2.705	2.312	2.053	1.821	1.542	1.325	1.305	3.21422482	1
	0.007500	9.4368	1.37943876	1.3787	1.0185	3.8280	3.8228	2.224	2.567	2.601	2.232	1.987	1.767	1.505	1.303	1.284	3.21431994	1
	0.007500	9.4368	1.37979865	1.3791	1.0456	3.8347	3.8226	2.156	2.479	2.507	2.159	1.927	1.719	1.472	1.284	1.266	3.21436882	1
	0.007500	9.4368	1.37989843	1.3792	1.0535	3.8366	3.8225	2.136	2.454	2.480	2.138	1.910	1.705	1.463	1.278	1.261	3.21438217	2
	0.007500	9.4368	1.38009501	1.3794	1.0346	3.8307	3.8178	2.183	2.518	2.549	2.189	1.950	1.735	1.479	1.283	1.264	3.21440887	2
	0.007500	9.4368	1.38029528	1.3796	1.0279	3.8236	3.7964	2.200	2.561	2.594	2.211	1.959	1.732	1.459	1.249	1.229	3.21443605	2
	0.007500	9.4368	1.38073790	1.3800	1.0393	3.8145	3.7486	2.172	2.571	2.601	2.190	1.920	1.678	1.384	1.155	1.134	3.21449590	2
	0.007500	9.4368	1.38221574	1.3815	1.0503	3.8039	3.6958	2.144	2.597	2.618	2.172	1.881	1.622	1.304	1.052	1.029	3.21469545	2
	0.007500	9.4368	1.38510144	1.3844	1.0511	3.7918	3.6474	2.142	2.676	2.676	2.183	1.867	1.588	1.240	0.964	0.936	3.21508360	2
	0.007500	9.4368	1.38771296	1.3870	1.0414	3.7811	3.6152	2.167	2.789	2.761	2.223	1.879	1.582	1.208	0.912	0.877	3.21543336	2
	0.007500	9.4368	1.38948119	1.3887	1.0235	3.7719	3.5969	2.211	2.909	2.859	2.284	1.920	1.607	1.207	0.890	0.851	3.21566939	2
	0.007500	9.4368	1.39100099	1.3903	0.9940	3.7619	3.5868	2.285	3.069	2.988	2.376	1.992	1.662	1.237	0.897	0.854	3.21587157	2
	0.007500	9.4368	1.39203703	1.3913	0.9668	3.7540	3.5825	2.353	3.214	3.102	2.460	2.060	1.718	1.270	0.912	0.867	3.21600938	2
	0.007500	9.4368	1.39301634	1.3923	0.9403	3.7459	3.5772	2.419	3.366	3.217	2.545	2.128	1.773	1.302	0.924	0.877	3.21613908	2
	0.007500	9.4368	1.39426672	1.3935	0.9217	3.7365	3.5583	2.466	3.523	3.323	2.615	2.179	1.808	1.310	0.907	0.857	3.21630454	2
	0.007500	9.4368	1.39604759	1.3953	0.9314	3.7257	3.5061	2.441	3.634	3.370	2.623	2.163	1.774	1.243	0.811	0.758	3.21653986	2
	0.007500	9.4368	1.39689815	1.3962	0.9455	3.7212	3.4743	2.406	3.660	3.366	2.602	2.132	1.736	1.190	0.746	0.691	3.21665192	3
	0.007500	9.4368	1.39745128	1.3967	0.9643	3.7193	3.4480	2.359	3.639	3.332	2.561	2.087	1.687	1.136	0.686	0.631	3.21672463	3
	0.007500	9.4368	1.39880264	1.3981	1.0153	3.7151	3.3805	2.232	3.573	3.237	2.449	1.965	1.558	0.992	0.531	0.474	3.21690226	3
	0.007500	9.4368	1.39999998	1.3992	1.0663	3.7121	3.3178	2.104	3.489	3.133	2.332	1.841	1.429	0.853	0.383	0.326	3.21705914	3
	0.007500	9.4368	1.40091956	1.4002	1.1057	3.7101	3.2709	2.006	3.418	3.049	2.240	1.745	1.329	0.747	0.271	0.214	3.21717954	3
	0.007500	9.4368	1.40185428	1.4011	1.1464	3.7082	3.2231	1.904	3.344	2.962	2.146	1.646	1.227	0.639	0.157	0.100	3.21730185	3
	0.007500	9.4368	1.40277028	1.4020	1.1863	3.7064	3.1763	1.804	3.270	2.876	2.053	1.550	1.127	0.533	0.046	-0.012	3.21742129	3
	0.007500	9.4368	1.40384102	1.4031	1.2325	3.7044	3.1221	1.689	3.182	2.776	1.945	1.437	1.011	0.410	-0.083	-0.142	3.21756077	3
	0.007500	9.4368	1.40492177	1.4041	1.2784	3.7023	3.0682	1.574	3.095	2.677	1.838	1.327	0.896	0.288	-0.211	-0.270	3.21770144	3
	0.007500	9.4368	1.40585768	1.4051	1.3174	3.7005	3.0222	1.477	3.022	2.594	1.748	1.232	0.799	0.185	-0.320	-0.380	3.21782303	3
	0.007500	9.4368	1.40680718	1.4060	1.3547	3.6987	2.9781	1.383	2.958	2.516	1.662	1.142	0.705	0.085	-0.425	-0.485	3.21794605	3
	0.007500	9.4368	1.40791583	1.4071	1.3950	3.6968	2.9303	1.282	2.893	2.434	1.570	1.045	0.604	-0.023	-0.539	-0.600	3.21808958	3
	0.007500	9.4368	1.40884805	1.4080	1.4294	3.6951	2.8896	1.197	2.837	2.364	1.492	0.962	0.518	-0.116	-0.636	-0.698	3.21820998	3
	0.007500	9.4368	1.40987265	1.4090	1.4699	3.6930	2.8412	1.095	2.772	2.282	1.400	0.864	0.416	-0.224	-0.751	-0.813	3.21834230	3
	0.007500	9.4368	1.41096878	1.4101	1.5143	3.6908	2.7880	0.984	2.700	2.192	1.299	0.758	0.305	-0.344	-0.877	-0.940	3.21848345	3
	0.007500	9.4368	1.41205263	1.4111	1.5665	3.6880	2.7249	0.854	2.618	2.087	1.182	0.633	0.175	-0.484	-1.025	-1.090	3.21862292	3
	0.007500	9.4368	1.41318285	1.4122	1.6275	3.6846	2.6509	0.701	2.522	1.965	1.046	0.489	0.024	-0.647	-1.198	-1.265	3.21876788	3
	0.007500	9.4368	1.41471887	1.4137	1.7083	3.6801	2.5523	0.499	2.398	1.805	0.866	0.297	-0.176	-0.863	-1.429	-1.498	3.21896458	3
	0.007500	9.4368	1.41609323	1.4150	1.7675	3.6767	2.4802	0.351	2.316	1.692	0.736	0.158	-0.323	-1.022	-1.598	-1.668	3.21914029	3
	0.007500	9.4368	1.41636395	1.4152	1.7739	3.6764	2.4724	0.335	2.308	1.680	0.722	0.143	-0.339	-1.039	-1.617	-1.686	3.21917486	3
	0.007500	9.4368	1.41715121	1.4160	1.7335	3.6792	2.5242	0.436	2.351	1.751	0.808	0.237	-0.239	-0.929	-1.498	-1.567	3.21927524	3
	0.007500	9.4368	1.41751361	1.4163	1.6950	3.6817	2.5730	0.533	2.403	1.824	0.891	0.327	-0.144	-0.825	-1.386	-1.453	3.21932149	3
	0.007500	9.4368	1.41787899	1.4166	1.6567	3.6842	2.6213	0.628	2.456	1.896	0.975	0.417	-0.049	-0.721	-1.274	-1.341	3.21936798	3
	0.007500	9.4368	1.41799116	1.4168	1.6643	3.6837	2.6120	0.609	2.445	1.882	0.958	0.399	-0.067	-0.741	-1.296	-1.363	3.21938229	3
	0.007500	9.4368	1.41853631	1.4173	1.7029	3.6815	2.5644	0.513	2.387	1.806	0.872	0.308	-0.163	-0.845	-1.407	-1.475	3.21945143	3
	0.007500	9.4368	1.41916335	1.4179	1.7449	3.6790	2.5127	0.408	2.325	1.724	0.780	0.209	-0.267	-0.958	-1.527	-1.596	3.21953130	3
	0.007500	9.4368	1.41978705	1.4184	1.7877	3.6764	2.4597	0.301	2.276	1.647	0.687	0.108	-0.373	-1.074	-1.651	-1.721	3.21961045	3
	0.007500	9.4368	1.42038000	1.4190	1.8301	3.6738	2.4070	0.195	2.230	1.571	0.596	0.009	-0.479	-1.189	-1.774	-1.844	3.21968555	3
	0.007500	9.4368	1.42093992	1.4195	1.8723	3.6711	2.3544	0.089	2.186	1.496	0.505	-0.090	-0.584	-1.303	-1.896	-1.968	3.21975660	3
	0.007500	9.4368	1.42146719	1.4200	1.9143	3.6685	2.3019	-0.016	2.144	1.423	0.415	-0.188	-0.688	-1.417	-2.017	-2.091	3.21982336	3
	0.007500	9.4368	1.42197037	1.4204	1.9564	3.6658	2.2490	-0.121	2.105	1.351	0.327	-0.286	-0.792	-1.531	-2.140	-2.214	3.21988702	3
	0.007500	9.4368	1.42244506	1.4208	1.9987	3.6630	2.1958	-0.227	2.067	1.279	0.238	-0.384	-0.896	-1.645	-2.262	-2.338	3.21994686	3
	0.007500	9.4368	1.42288768	1.4212	2.0410	3.6602	2.1424	-0.332	2.029	1.208	0.149	-0.482	-1.000	-1.760	-2.386	-2.463	3.22000289	3
	0.007500	9.4368	1.42329192	1.4215	2.0824	3.6574	2.0899	-0.436	1.998	1.141	0.065	-0.576	-1.101	-1.871	-2.506	-2.585	3.22005391	3
	0.007500	9.4368	1.42367136	1.4218	2.1240	3.6545	2.0370	-0.540	1.968	1.074	-0.019	-0.670	-1.202	-1.983	-2.628	-2.708	3.22010183	3
	0.007500	9.4368	1.42402101	1.4220	2.1651	3.6517	1.9846	-0.643	1.942	1.010	-0.102	-0.763	-1.303	-2.094	-2.748	-2.830	3.22014594	3
	0.007500	9.4368	1.42434835	1.4222	2.2064	3.6488	1.9319	-0.746	1.927	0.949	-0.184	-0.856	-1.403	-2.206	-2.868	-2.952	3.22018719	3
	0.007500	9.4368	1.42465281	1.4224	2.2475	3.6459	1.8793	-0.849	1.917	0.891	-0.263	-0.948	-1.503	-2.317	-2.989	-3.074	3.22022533	3
	0.007500	9.4368	1.42493451	1.4226	2.2882	3.6430	1.8269	-0.951	1.908	0.833	-0.342	-1.039	-1.602	-2.427	-3.108	-3.194	3.22026086	3
	0.007500	9.4368	1.42519426	1.4227	2.3285	3.6401	1.7750	-1.051	1.899	0.776	-0.420	-1.129	-1.699	-2.536	-3.226	-3.314	3.22029352	3
	0.007500	9.4368	1.42543972	1.4228	2.3695	3.6371	1.7222	-1.154	1.895	0.722	-0.497	-1.218	-1.798	-2.646	-3.345	-3.436	3.22032452	3
	0.007500	9.4368	1.42566192	1.4228	2.4093	3.6342	1.6706	-1.253	1.893	0.670	-0.570	-1.304	-1.893	-2.753	-3.461	-3.554	3.22035241	3
	0.007500	9.4368	1.42587328	1.4228	2.4498	3.6311	1.6180	-1.354	1.891	0.617	-0.645	-1.392	-1.990	-2.862	-3.580	-3.675	3.22037888	3
	0.007500	9.4368	1.42606866	1.4228	2.4899	3.6281	1.5658	-1.455	1.892	0.566	-0.717	-1.478	-2.085	-2.970	-3.697	-3.794	3.22040343	3
	0.007500	9.4368	1.42625201	1.4228	2.5301	3.6251	1.5134	-1.555	1.893	0.517	-0.789	-1.563	-2.180	-3.077	-3.814	-3.914	3.22042656	3
	0.007500	9.4368	1.42642617	1.4227	2.5709	3.6220	1.4602	-1.657	1.900	0.467	-0.862	-1.649	-2.276	-3.186	-3.933	-4.035	3.22044849	3
	0.007500	9.4368	1.42658281	1.4227	2.6102	3.6190	1.4087	-1.755	1.910	0.420	-0.930	-1.731	-2.368	-3.291	-4.048	-4.152	3.22046804	3
	0.007500	9.4368	1.42673171	1.4225	2.6501	3.6159	1.3565	-1.855	1.921	0.373	-0.997	-1.813	-2.462	-3.398	-4.163	-4.270	3.22048688	3
	0.007500	9.4368	1.42687094	1.4224	2.6899	3.6128	1.3041	-1.955	1.934	0.328	-1.064	-1.893	-2.555	-3.504	-4.279	-4.389	3.22050428	3
	0.007500	9.4368	1.42700076	1.4222	2.7295	3.6097	1.2521	-2.054	1.948	0.284	-1.130	-1.973	-2.646	-3.610	-4.395	-4.507	3.22052050	3
	0.007500	9.4368	1.42712390	1.4219	2.7694	3.6065	1.1994	-2.154	1.964	0.242	-1.192	-2.049	-2.739	-3.716	-4.511	-4.627	3.22053599	3
	0.007500	9.4368	1.42723751	1.4216	2.8086	3.6033	1.1474	-2.252	1.983	0.203	-1.252	-2.123	-2.829	-3.821	-4.626	-4.745	3.22055030	3
	0.007500	9.4368	1.42734504	1.4213	2.8481	3.6001	1.0951	-2.350	2.001	0.163	-1.314	-2.199	-2.919	-3.926	-4.742	-4.864	3.22056365	3
	0.007500	9.4368	1.42744625	1.4209	2.8877	3.5969	1.0424	-2.449	2.020	0.127	-1.369	-2.268	-3.009	-4.031	-4.858	-4.984	3.22057629	3
	0.007500	9.4368	1.42756128	1.4204	2.9358	3.5928	0.9778	-2.570	2.056	0.089	-1.435	-2.351	-3.117	-4.160	-4.999	-5.130	3.22059083	3
	0.007500	9.4368	1.42764711	1.4199	2.9741	3.5896	0.9265	-2.665	2.093	0.063	-1.489	-2.420	-3.204	-4.262	-5.108	-5.245	3.22060156	3
	0.007500	9.4368	1.42773128	1.4194	3.0140	3.5862	0.8731	-2.765	2.129	0.037	-1.540	-2.483	-3.294	-4.369	-5.221	-5.364	3.22061205	3
	0.007500	9.4368	1.42782545	1.4186	3.0612	3.5819	0.8084	-2.883	2.183	0.012	-1.597	-2.559	-3.400	-4.496	-5.356	-5.507	3.22062397	3
	0.007500	9.4368	1.42791259	1.4177	3.1081	3.5776	0.7439	-3.000	2.234	-0.009	-1.649	-2.627	-3.504	-4.622	-5.489	-5.649	3.22063494	3
	0.007500	9.4368	1.42799389	1.4167	3.1549	3.5733	0.6795	-3.117	2.285	-0.028	-1.697	-2.692	-3.608	-4.747	-5.622	-5.791	3.22064495	3
	0.007500	9.4368	1.42807090	1.4156	3.2025	3.5688	0.6138	-3.236	2.339	-0.045	-1.743	-2.756	-3.712	-4.874	-5.756	-5.934	3.22065473	3
	0.007500	9.4368	1.42814267	1.4142	3.2496	3.5642	0.5479	-3.354	2.396	-0.055	-1.775	-2.804	-3.814	-5.000	-5.890	-6.078	3.22066355	3
	0.007500	9.4368	1.42820930	1.4127	3.2956	3.5596	0.4830	-3.469	2.447	-0.066	-1.804	-2.847	-3.915	-5.123	-6.021	-6.218	3.22067189	3
	0.007500	9.4368	1.42827141	1.4111	3.3391	3.5551	0.4211	-3.578	2.465	-0.066	-1.800	-2.859	-4.005	-5.242	-6.146	-6.352	3.22067976	3
	0.007500	9.4368	1.42830253	1.4101	3.3604	3.5529	0.3905	-3.631	2.477	-0.065	-1.798	-2.865	-4.049	-5.300	-6.208	-6.418	3.22068357	4
	0.007500	9.4368	1.42830253	1.4101	1.7868	3.6927	2.5233	0.303	1.974	1.492	0.605	0.074	-0.375	-1.018	-1.545	-1.607	3.22068357	4
	0.007500	9.4368	1.42881298	1.4106	1.7986	3.6916	2.5074	0.273	1.962	1.472	0.581	0.047	-0.404	-1.052	-1.581	-1.644	3.22074747	4
	0.007500	9.4368	1.42932284	1.4111	1.8045	3.6912	2.4999	0.259	1.953	1.461	0.568	0.033	-0.419	-1.068	-1.598	-1.662	3.22081137	4
	0.007500	9.4368	1.42986751	1.4116	1.8067	3.6913	2.4981	0.253	1.948	1.455	0.562	0.027	-0.425	-1.073	-1.604	-1.667	3.22087932	4
	0.007500	9.4368	1.43035579	1.4121	1.8070	3.6915	2.4990	0.253	1.943	1.452	0.560	0.026	-0.425	-1.073	-1.603	-1.666	3.22094035	4
	0.007500	9.4368	1.43084753	1.4126	1.8069	3.6918	2.5003	0.253	1.938	1.450	0.559	0.026	-0.425	-1.072	-1.601	-1.664	3.22100163	4
	0.007500	9.4368	1.43133974	1.4131	1.8068	3.6921	2.5017	0.253	1.934	1.448	0.558	0.026	-0.425	-1.071	-1.599	-1.661	3.22106290	4
	0.007500	9.4368	1.43183458	1.4136	1.8068	3.6924	2.5030	0.253	1.929	1.445	0.557	0.025	-0.425	-1.069	-1.597	-1.659	3.22112465	4
	0.007500	9.4368	1.43237305	1.4142	1.8068	3.6927	2.5044	0.253	1.924	1.443	0.556	0.025	-0.425	-1.068	-1.595	-1.657	3.22119164	4
	0.007500	9.4368	1.43292284	1.4148	1.8070	3.6929	2.5055	0.253	1.919	1.440	0.554	0.023	-0.425	-1.068	-1.593	-1.656	3.22125983	4
	0.007500	9.4368	1.43344200	1.4153	1.8074	3.6932	2.5061	0.251	1.914	1.437	0.552	0.022	-0.427	-1.068	-1.593	-1.655	3.22132444	4
	0.007500	9.4368	1.43395340	1.4158	1.8080	3.6934	2.5065	0.250	1.909	1.433	0.549	0.020	-0.428	-1.069	-1.593	-1.655	3.22138786	4
	0.007500	9.4368	1.43448234	1.4163	1.8087	3.6936	2.5068	0.248	1.904	1.430	0.547	0.018	-0.430	-1.070	-1.594	-1.656	3.22145343	4
	0.007500	9.4368	1.43498516	1.4169	1.8094	3.6937	2.5069	0.246	1.899	1.427	0.544	0.016	-0.431	-1.071	-1.594	-1.656	3.22151566	4
	0.007500	9.4368	1.43548286	1.4174	1.8103	3.6939	2.5069	0.244	1.895	1.423	0.541	0.013	-0.434	-1.073	-1.595	-1.657	3.22157741	4
	0.007500	9.4368	1.43599236	1.4179	1.8112	3.6940	2.5066	0.242	1.890	1.419	0.538	0.011	-0.436	-1.075	-1.597	-1.659	3.22164035	4
	0.007500	9.4368	1.43605661	1.4179	1.8113	3.6941	2.5066	0.242	1.889	1.419	0.538	0.010	-0.436	-1.075	-1.597	-1.659	3.22164845	4
	0.007500	9.4368	1.43653536	1.4184	1.8122	3.6942	2.5064	0.239	1.885	1.416	0.535	0.008	-0.438	-1.077	-1.598	-1.660	3.22170758	4
	0.007500	9.4368	1.43707049	1.4190	1.8134	3.6943	2.5059	0.237	1.880	1.412	0.531	0.005	-0.441	-1.079	-1.600	-1.662	3.22177362	4
	0.007500	9.4368	1.43761921	1.4195	1.8146	3.6944	2.5052	0.233	1.875	1.408	0.528	0.002	-0.444	-1.082	-1.603	-1.665	3.22184134	4
	0.007500	9.4368	1.43819118	1.4201	1.8162	3.6945	2.5042	0.230	1.870	1.403	0.524	-0.002	-0.448	-1.085	-1.606	-1.668	3.22191191	4
	0.007500	9.4368	1.43873012	1.4207	1.8177	3.6946	2.5030	0.226	1.865	1.399	0.520	-0.006	-0.452	-1.089	-1.610	-1.671	3.22197819	4
	0.007500	9.4368	1.43925250	1.4212	1.8194	3.6946	2.5016	0.222	1.861	1.395	0.515	-0.010	-0.456	-1.093	-1.614	-1.675	3.22204256	4
	0.007500	9.4368	1.43976903	1.4217	1.8212	3.6945	2.4998	0.217	1.856	1.390	0.511	-0.015	-0.461	-1.098	-1.619	-1.680	3.22210598	4
	0.007500	9.4368	1.43999290	1.4220	1.8221	3.6945	2.4989	0.215	1.855	1.388	0.509	-0.017	-0.463	-1.100	-1.621	-1.682	3.22213364	4
	0.007500	9.4368	1.44031191	1.4223	1.8235	3.6945	2.4974	0.211	1.852	1.385	0.506	-0.021	-0.467	-1.104	-1.625	-1.686	3.22217274	4
	0.007500	9.4368	1.44088519	1.4229	1.8261	3.6944	2.4944	0.205	1.848	1.380	0.499	-0.027	-0.473	-1.111	-1.632	-1.694	3.22224307	4
	0.007500	9.4368	1.44144082	1.4234	1.8291	3.6942	2.4909	0.197	1.844	1.374	0.493	-0.034	-0.481	-1.119	-1.641	-1.703	3.22231126	4
	0.007500	9.4368	1.44201612	1.4240	1.8328	3.6939	2.4863	0.188	1.840	1.368	0.485	-0.043	-0.490	-1.129	-1.652	-1.714	3.22238183	4
	0.007500	9.4368	1.44259024	1.4246	1.8370	3.6936	2.4809	0.177	1.837	1.360	0.476	-0.053	-0.501	-1.141	-1.665	-1.727	3.22245216	4
	0.007500	9.4368	1.44316518	1.4252	1.8421	3.6931	2.4743	0.165	1.833	1.352	0.465	-0.065	-0.514	-1.156	-1.680	-1.742	3.22252250	4
	0.007500	9.4368	1.44371152	1.4258	1.8481	3.6925	2.4661	0.150	1.828	1.343	0.452	-0.079	-0.529	-1.173	-1.699	-1.761	3.22258925	4
	0.007500	9.4368	1.44426048	1.4263	1.8558	3.6918	2.4555	0.130	1.824	1.331	0.436	-0.097	-0.548	-1.195	-1.723	-1.786	3.22265625	4
	0.007500	9.4368	1.44484067	1.4269	1.8641	3.6910	2.4442	0.110	1.818	1.318	0.419	-0.117	-0.569	-1.219	-1.749	-1.812	3.22272706	4
	0.007500	9.4368	1.44542265	1.4275	1.8798	3.6894	2.4222	0.070	1.810	1.294	0.387	-0.153	-0.609	-1.264	-1.799	-1.863	3.22279811	4
	0.007500	9.4368	1.44597483	1.4281	1.9162	3.6857	2.3714	-0.020	1.795	1.241	0.314	-0.236	-0.700	-1.367	-1.913	-1.978	3.22286534	4
	0.007500	9.4368	1.44623947	1.4283	1.9558	3.6818	2.3165	-0.119	1.775	1.182	0.234	-0.328	-0.799	-1.479	-2.037	-2.103	3.22289753	4
	0.007500	9.4368	1.44636321	1.4284	1.9996	3.6778	2.2563	-0.229	1.753	1.117	0.146	-0.428	-0.908	-1.603	-2.173	-2.241	3.22291255	4
	0.007500	9.4368	1.44641352	1.4285	2.0422	3.6739	2.1984	-0.335	1.732	1.054	0.061	-0.525	-1.013	-1.722	-2.303	-2.373	3.22291851	4
	0.007500	9.4368	1.44643629	1.4285	2.0817	3.6704	2.1449	-0.434	1.711	0.994	-0.019	-0.615	-1.110	-1.832	-2.424	-2.496	3.22292137	4
	0.007500	9.4368	1.44644952	1.4285	2.1204	3.6671	2.0929	-0.531	1.694	0.938	-0.095	-0.702	-1.205	-1.939	-2.541	-2.615	3.22292304	5
	0.007500	9.4368	1.44645083	1.4285	2.1248	3.6667	2.0869	-0.542	1.692	0.931	-0.104	-0.712	-1.216	-1.952	-2.555	-2.628	3.22292328	7
	0.007500	9.4368	1.44645095	1.4285	2.1254	3.6667	2.0862	-0.543	1.691	0.930	-0.105	-0.713	-1.217	-1.953	-2.557	-2.630	3.22292328	7
	0.007500	9.4368	1.44646025	1.4285	2.1658	3.6632	2.0321	-0.644	1.671	0.870	-0.185	-0.804	-1.316	-2.065	-2.679	-2.754	3.22292423	7
	0.007500	9.4368	1.44646895	1.4285	2.2032	3.6601	1.9822	-0.738	1.655	0.816	-0.259	-0.889	-1.408	-2.168	-2.792	-2.868	3.22292542	7
	0.007500	9.4368	1.44647741	1.4285	2.2365	3.6574	1.9378	-0.821	1.653	0.771	-0.322	-0.963	-1.489	-2.259	-2.892	-2.970	3.22292638	7
	0.007500	9.4368	1.44648612	1.4285	2.2474	3.6565	1.9233	-0.848	1.652	0.757	-0.343	-0.987	-1.516	-2.289	-2.925	-3.003	3.22292757	7
	0.007500	9.4368	1.44650900	1.4286	2.2421	3.6570	1.9306	-0.835	1.651	0.763	-0.334	-0.976	-1.503	-2.275	-2.908	-2.987	3.22293019	7
	0.007500	9.4368	1.44652343	1.4286	2.2345	3.6576	1.9409	-0.816	1.650	0.773	-0.319	-0.959	-1.484	-2.254	-2.885	-2.963	3.22293210	7
	0.007500	9.4368	1.44655621	1.4286	2.2252	3.6584	1.9533	-0.793	1.651	0.785	-0.302	-0.938	-1.462	-2.228	-2.857	-2.935	3.22293591	7
	0.007500	9.4368	1.44674945	1.4287	2.1950	3.6609	1.9934	-0.718	1.656	0.826	-0.243	-0.870	-1.388	-2.145	-2.766	-2.843	3.22295952	7
	0.007500	9.4368	1.44697452	1.4289	2.2079	3.6597	1.9760	-0.750	1.655	0.809	-0.268	-0.899	-1.419	-2.181	-2.806	-2.883	3.22298694	7
	0.007500	9.4368	1.44717395	1.4291	2.2427	3.6568	1.9294	-0.837	1.654	0.763	-0.334	-0.977	-1.504	-2.277	-2.911	-2.990	3.22301102	7
	0.007500	9.4368	1.44735634	1.4292	2.2863	3.6531	1.8713	-0.946	1.652	0.706	-0.416	-1.073	-1.610	-2.396	-3.042	-3.123	3.22303319	7
	0.007500	9.4368	1.44751263	1.4293	2.3288	3.6495	1.8145	-1.052	1.652	0.650	-0.497	-1.167	-1.713	-2.513	-3.170	-3.253	3.22305226	7
	0.007500	9.4368	1.44764793	1.4293	2.3707	3.6460	1.7585	-1.157	1.656	0.598	-0.573	-1.259	-1.814	-2.628	-3.296	-3.381	3.22306871	7
	0.007500	9.4368	1.44776475	1.4294	2.4124	3.6425	1.7029	-1.261	1.660	0.546	-0.650	-1.349	-1.914	-2.742	-3.421	-3.508	3.22308278	7
	0.007500	9.4368	1.44786704	1.4294	2.4538	3.6391	1.6478	-1.364	1.665	0.495	-0.726	-1.439	-2.013	-2.855	-3.544	-3.633	3.22309518	7
	0.007500	9.4368	1.44795847	1.4294	2.4953	3.6356	1.5921	-1.468	1.675	0.446	-0.799	-1.527	-2.112	-2.967	-3.668	-3.760	3.22310638	7
	0.007500	9.4368	1.44804049	1.4294	2.5367	3.6321	1.5369	-1.572	1.683	0.398	-0.872	-1.615	-2.210	-3.079	-3.791	-3.886	3.22311640	7
	0.007500	9.4368	1.44811571	1.4294	2.5785	3.6286	1.4810	-1.676	1.696	0.350	-0.945	-1.703	-2.309	-3.192	-3.915	-4.012	3.22312546	7
	0.007500	9.4368	1.44818366	1.4294	2.6196	3.6251	1.4260	-1.779	1.715	0.305	-1.014	-1.788	-2.405	-3.303	-4.037	-4.137	3.22313356	7
	0.007500	9.4368	1.44824719	1.4293	2.6610	3.6216	1.3705	-1.882	1.735	0.259	-1.084	-1.874	-2.501	-3.414	-4.160	-4.262	3.22314143	7
	0.007500	9.4368	1.44830739	1.4293	2.7027	3.6180	1.3146	-1.987	1.755	0.215	-1.152	-1.959	-2.598	-3.526	-4.283	-4.388	3.22314858	7
	0.007500	9.4368	1.44836378	1.4292	2.7445	3.6145	1.2584	-2.091	1.778	0.172	-1.219	-2.042	-2.695	-3.639	-4.406	-4.514	3.22315550	7
	0.007500	9.4368	1.44841528	1.4291	2.7846	3.6110	1.2046	-2.192	1.800	0.131	-1.283	-2.121	-2.788	-3.746	-4.525	-4.636	3.22316170	7
	0.007500	9.4368	1.44846785	1.4290	2.8258	3.6075	1.1493	-2.294	1.825	0.092	-1.345	-2.199	-2.882	-3.856	-4.646	-4.761	3.22316813	7
	0.007500	9.4368	1.44852030	1.4288	2.8670	3.6039	1.0936	-2.397	1.852	0.055	-1.406	-2.275	-2.976	-3.966	-4.769	-4.887	3.22317457	7
	0.007500	9.4368	1.44857085	1.4286	2.9101	3.6001	1.0351	-2.505	1.883	0.018	-1.468	-2.355	-3.074	-4.082	-4.897	-5.019	3.22318053	7
	0.007500	9.4368	1.44861257	1.4284	2.9565	3.5959	0.9720	-2.621	1.926	-0.014	-1.529	-2.434	-3.178	-4.206	-5.033	-5.161	3.22318578	7
	0.007500	9.4368	1.44863975	1.4283	3.0002	3.5919	0.9124	-2.730	1.978	-0.039	-1.586	-2.509	-3.276	-4.324	-5.160	-5.295	3.22318888	7
	0.007500	9.4368	1.44866073	1.4282	3.0430	3.5880	0.8538	-2.837	2.028	-0.061	-1.639	-2.579	-3.372	-4.439	-5.283	-5.425	3.22319150	7
	0.007500	9.4368	1.44868064	1.4280	3.0878	3.5838	0.7921	-2.949	2.083	-0.082	-1.692	-2.649	-3.472	-4.560	-5.412	-5.561	3.22319388	7
	0.007500	9.4368	1.44869745	1.4278	3.1301	3.5798	0.7336	-3.055	2.137	-0.100	-1.742	-2.717	-3.566	-4.673	-5.533	-5.690	3.22319603	7
	0.007500	9.4368	1.44871235	1.4276	3.1686	3.5760	0.6801	-3.151	2.183	-0.113	-1.778	-2.767	-3.650	-4.776	-5.643	-5.808	3.22319770	7
	0.007500	9.4368	1.44872999	1.4274	3.2173	3.5710	0.6115	-3.273	2.251	-0.124	-1.823	-2.831	-3.756	-4.907	-5.782	-5.958	3.22319984	7
	0.007500	9.4368	1.44874668	1.4271	3.2960	3.5627	0.4991	-3.470	2.367	-0.129	-1.868	-2.903	-3.926	-5.119	-6.009	-6.201	3.22320199	7
	0.007500	9.4368	1.44874966	1.4270	3.3240	3.5596	0.4589	-3.540	2.385	-0.134	-1.878	-2.922	-3.986	-5.194	-6.090	-6.288	3.22320223	7
	0.007500	9.4368	1.44875145	1.4270	3.3419	3.5576	0.4331	-3.585	2.395	-0.131	-1.873	-2.924	-4.023	-5.244	-6.142	-6.344	3.22320247	7
	0.007500	9.4368	1.44875193	1.4270	3.3436	3.5574	0.4306	-3.589	2.396	-0.131	-1.872	-2.925	-4.026	-5.248	-6.147	-6.349	3.22320247	8
