Z	Age		mbol    U       B       V       R       I       J       H       K
	0.0075	3.98e+06	-0.598	0.899	1.716	1.851	1.874	1.890	1.901	1.781	1.762
	0.0075	4.47e+06	-0.572	0.928	1.683	1.631	1.510	1.370	1.141	0.912	0.859
	0.0075	5.01e+06	-0.522	0.966	1.654	1.461	1.243	1.017	0.673	0.388	0.324
	0.0075	5.62e+06	-0.467	0.968	1.617	1.436	1.232	1.018	0.690	0.413	0.353
	0.0075	6.31e+06	-0.400	0.986	1.625	1.463	1.257	1.035	0.671	0.353	0.289
	0.0075	7.08e+06	-0.323	1.024	1.724	1.666	1.474	1.208	0.652	0.078	-0.042
	0.0075	7.94e+06	-0.244	1.014	1.689	1.668	1.515	1.290	0.797	0.260	0.147
	0.0075	8.91e+06	-0.160	1.043	1.704	1.693	1.561	1.362	0.910	0.400	0.285
	0.0075	1.00e+07	-0.063	1.103	1.801	1.796	1.681	1.523	1.168	0.758	0.670
	0.0075	1.12e+07	0.031	1.146	1.897	1.987	1.942	1.845	1.534	1.087	0.978
	0.0075	1.26e+07	0.126	1.224	2.003	2.114	2.079	1.987	1.658	1.175	1.057
	0.0075	1.41e+07	0.222	1.293	2.051	2.138	2.070	1.935	1.522	0.991	0.864
	0.0075	1.58e+07	0.327	1.342	2.026	2.082	1.989	1.828	1.379	0.837	0.709
	0.0075	1.78e+07	0.425	1.490	2.057	2.005	1.829	1.584	1.036	0.477	0.348
	0.0075	2.00e+07	0.531	1.676	2.341	2.223	1.946	1.601	0.908	0.273	0.142
	0.0075	2.24e+07	0.634	1.746	2.412	2.324	2.048	1.692	0.956	0.281	0.140
	0.0075	2.51e+07	0.737	1.811	2.455	2.362	2.092	1.748	1.034	0.371	0.238
	0.0075	2.82e+07	0.833	1.844	2.429	2.306	2.064	1.771	1.175	0.593	0.480
	0.0075	3.16e+07	0.920	1.810	2.313	2.262	2.091	1.861	1.337	0.782	0.674
	0.0075	3.55e+07	1.014	1.842	2.344	2.312	2.157	1.943	1.444	0.895	0.791
	0.0075	3.98e+07	1.112	1.902	2.385	2.350	2.198	1.990	1.508	0.970	0.872
	0.0075	4.47e+07	1.215	1.971	2.438	2.399	2.249	2.045	1.576	1.047	0.954
	0.0075	5.01e+07	1.320	2.046	2.493	2.447	2.296	2.094	1.635	1.114	1.025
	0.0075	5.62e+07	1.427	2.119	2.545	2.495	2.347	2.152	1.709	1.203	1.119
	0.0075	6.31e+07	1.528	2.181	2.579	2.526	2.383	2.198	1.780	1.295	1.216
	0.0075	7.08e+07	1.634	2.266	2.648	2.586	2.440	2.252	1.837	1.357	1.280
	0.0075	7.94e+07	1.736	2.345	2.707	2.634	2.485	2.294	1.878	1.402	1.324
	0.0075	8.91e+07	1.835	2.423	2.765	2.683	2.531	2.336	1.920	1.446	1.366
	0.0075	1.00e+08	1.939	2.505	2.828	2.736	2.580	2.385	1.974	1.510	1.432
	0.0075	1.12e+08	2.044	2.589	2.895	2.791	2.632	2.435	2.030	1.576	1.498
	0.0075	1.26e+08	2.147	2.676	2.966	2.849	2.685	2.483	2.080	1.631	1.554
	0.0075	1.41e+08	2.251	2.768	3.043	2.912	2.739	2.530	2.123	1.677	1.599
	0.0075	1.58e+08	2.356	2.866	3.124	2.979	2.797	2.579	2.164	1.715	1.637
	0.0075	1.78e+08	2.463	2.968	3.206	3.049	2.859	2.634	2.210	1.758	1.679
	0.0075	2.00e+08	2.570	3.073	3.285	3.120	2.926	2.694	2.259	1.801	1.721
	0.0075	2.24e+08	2.679	3.174	3.361	3.192	2.997	2.762	2.322	1.861	1.780
	0.0075	2.51e+08	2.788	3.278	3.437	3.264	3.068	2.830	2.385	1.921	1.839
	0.0075	2.82e+08	2.898	3.381	3.512	3.335	3.138	2.900	2.454	1.991	1.908
	0.0075	3.16e+08	3.010	3.488	3.590	3.408	3.211	2.972	2.529	2.071	1.988
	0.0075	3.55e+08	3.125	3.599	3.671	3.482	3.284	3.047	2.609	2.158	2.077
	0.0075	3.98e+08	3.239	3.710	3.754	3.555	3.356	3.121	2.692	2.251	2.175
	0.0075	4.47e+08	3.351	3.826	3.839	3.627	3.424	3.190	2.767	2.337	2.266
	0.0075	5.01e+08	3.462	3.945	3.930	3.702	3.492	3.257	2.836	2.414	2.346
	0.0075	5.62e+08	3.573	4.069	4.029	3.781	3.564	3.325	2.906	2.491	2.425
	0.0075	6.31e+08	3.684	4.196	4.133	3.864	3.638	3.395	2.976	2.569	2.506
	0.0075	7.08e+08	3.790	4.323	4.241	3.949	3.711	3.462	3.040	2.636	2.575
	0.0075	7.94e+08	3.897	4.455	4.360	4.040	3.789	3.531	3.104	2.701	2.641
	0.0075	8.91e+08	4.004	4.589	4.486	4.136	3.870	3.602	3.171	2.769	2.711
	0.0075	1.00e+09	4.102	4.720	4.614	4.230	3.946	3.667	3.226	2.823	2.765
	0.0075	1.12e+09	4.202	4.857	4.753	4.333	4.029	3.736	3.283	2.873	2.815
	0.0075	1.26e+09	4.284	4.987	4.883	4.424	4.098	3.789	3.319	2.901	2.842
	0.0075	1.41e+09	4.328	5.113	5.000	4.491	4.134	3.801	3.301	2.861	2.801
	0.0075	1.58e+09	4.240	5.218	5.069	4.478	4.062	3.680	3.102	2.593	2.522
	0.0075	1.78e+09	4.475	5.484	5.355	4.757	4.326	3.922	3.306	2.756	2.674
	0.0075	2.00e+09	4.547	5.644	5.504	4.867	4.411	3.984	3.336	2.761	2.674
	0.0075	2.24e+09	4.657	5.811	5.666	5.003	4.531	4.087	3.418	2.828	2.735
	0.0075	2.51e+09	4.745	5.973	5.814	5.119	4.629	4.168	3.479	2.876	2.779
	0.0075	2.82e+09	4.742	6.130	5.919	5.167	4.644	4.154	3.428	2.801	2.699
	0.0075	3.16e+09	4.856	6.288	6.063	5.296	4.765	4.266	3.530	2.897	2.791
	0.0075	3.55e+09	4.970	6.414	6.183	5.412	4.880	4.378	3.641	3.008	2.901
	0.0075	3.98e+09	5.067	6.555	6.310	5.523	4.983	4.473	3.726	3.087	2.978
	0.0075	4.47e+09	5.191	6.702	6.450	5.655	5.110	4.596	3.844	3.203	3.093
	0.0075	5.01e+09	5.343	6.857	6.604	5.807	5.262	4.746	3.994	3.355	3.243
	0.0075	5.62e+09	5.423	6.993	6.720	5.906	5.352	4.825	4.061	3.414	3.299
	0.0075	6.31e+09	5.508	7.132	6.835	6.006	5.443	4.909	4.135	3.484	3.367
	0.0075	7.08e+09	5.597	7.283	6.962	6.116	5.544	4.998	4.211	3.552	3.432
	0.0075	7.94e+09	5.685	7.431	7.083	6.221	5.640	5.085	4.287	3.622	3.499
	0.0075	8.91e+09	5.782	7.580	7.208	6.332	5.743	5.181	4.375	3.708	3.583
	0.0075	1.00e+10	5.874	7.730	7.332	6.441	5.844	5.273	4.456	3.783	3.656
	0.0075	1.12e+10	5.965	7.879	7.454	6.549	5.944	5.365	4.538	3.861	3.732
	0.0075	1.26e+10	6.042	8.021	7.567	6.647	6.034	5.444	4.604	3.921	3.789
