0.784129	0.189
0.769562	0.189
0.707786	0.096
0.665824	0.096
0.836187	0.189
0.634209	0.096
0.780004	0.189
0.545415	0.044
0.465259	0.044
0.456928	0.044
0.716049	0.096
0.485773	0.044
0.537545	0.044
0.398286	0.044
0.40611	0.044
0.322396	0.022
0.639963	0.096
0.87491	0.189
0.731235	0.189
0.206644	0.022
0.269665	0.022
0.357888	0.022
0.625709	0.096
0.227973	0.022
0.331299	0.022
0.234984	0.022
0.184546	0.022
0.25454	0.022
0.413928	0.044
0.273081	0.022
0.293391	0.022
0.212646	0.022
0.285895	0.022
0.33916	0.022
0.443816	0.044
0.396158	0.044
0.434542	0.044
0.357445	0.022
0.454551	0.044
0.426884	0.044
0.714014	0.096
0.502684	0.044
0.565884	0.096
0.656512	0.096
0.700792	0.096
0.81531	0.189
0.974963	0.811
0.971136	0.639
0.97579	0.811
0.967544	0.639
0.941677	0.639
0.956492	0.639
0.944577	0.639
0.939866	0.639
0.957969	0.639
0.972261	0.639
0.963031	0.639
0.919734	0.655
0.980316	0.811
0.934772	0.639
0.87768	0.655
0.942144	0.639
0.909382	0.655
0.982936	0.811
0.883821	0.655
0.958585	0.639
0.871045	0.655
0.971212	0.639
0.871252	0.655
0.912777	0.655
0.956252	0.639
0.97245	0.639
0.797267	0.864
0.815184	0.864
0.99967	0.811
0.788176	0.864
0.788146	0.864
0.830216	0.65
0.869857	0.655
0.852189	0.65
0.890386	0.655
0.814417	0.864
0.956857	0.639
0.789372	0.864
0.800938	0.864
0.758786	0.568
0.892652	0.655
0.751139	0.568
0.765544	0.864
0.9018	0.655
0.849652	0.65
0.759726	0.568
0.857226	0.65
0.774442	0.864
0.946571	0.639
0.733604	0.568
0.756497	0.568
0.956747	0.639
0.834193	0.65
0.725904	0.568
0.719265	0.568
0.717919	0.568
0.70551	0.614
0.7006	0.614
0.871205	0.655
0.70905	0.614
0.976047	0.811
0.694527	0.614
0.693075	0.614
0.735383	0.568
0.98615	0.811
0.848558	0.65
0.94996	0.639
0.732117	0.568
0.677466	0.614
0.844036	0.65
0.682874	0.614
0.700086	0.614
0.663627	0.614
0.828588	0.65
0.692278	0.614
0.669891	0.614
0.988566	0.811
0.671275	0.614
0.670553	0.614
0.798049	0.864
0.683368	0.614
0.808189	0.864
0.865253	0.65
0.730928	0.568
0.625222	0.499
0.721592	0.568
0.630007	0.499
0.62862	0.499
0.831983	0.65
0.614383	0.499
0.64947	0.499
0.963615	0.639
0.9002	0.655
0.669273	0.614
0.697066	0.614
0.86556	0.65
0.616922	0.499
0.904819	0.655
0.629533	0.499
0.646967	0.499
0.661301	0.614
0.674255	0.614
0.89087	0.655
0.605823	0.499
0.592707	0.423
0.757669	0.568
0.58434	0.423
0.6856	0.614
0.575202	0.423
0.774119	0.864
0.575283	0.423
0.722804	0.568
0.570742	0.423
0.802094	0.864
0.602584	0.423
0.56415	0.423
0.578654	0.423
0.651797	0.499
0.86051	0.65
0.600002	0.423
0.570257	0.423
0.564233	0.423
0.64335	0.499
0.717264	0.568
0.626671	0.499
0.799144	0.864
0.620278	0.499
0.526276	0.498
0.527062	0.498
0.938805	0.639
0.660756	0.614
0.623372	0.499
0.8857	0.655
0.812766	0.864
0.563122	0.423
0.512037	0.498
0.702852	0.614
0.647304	0.499
0.545657	0.498
0.532737	0.498
0.592965	0.423
0.846996	0.65
0.720517	0.568
0.501464	0.498
0.733618	0.568
0.854288	0.65
0.985922	0.811
0.596758	0.423
0.870621	0.655
0.66801	0.614
0.559221	0.423
0.644382	0.499
0.529388	0.498
0.488006	0.367
0.492611	0.367
0.609345	0.499
0.516143	0.498
0.571226	0.423
0.489705	0.367
0.857957	0.65
0.557309	0.423
0.554708	0.423
0.975633	0.811
0.516179	0.498
0.493879	0.367
0.637586	0.499
0.643072	0.499
0.971636	0.639
0.47924	0.367
0.476209	0.367
0.583308	0.423
0.487221	0.367
0.496967	0.367
0.81922	0.65
0.5178	0.498
0.471721	0.367
0.706622	0.614
0.4772	0.367
0.53654	0.498
0.538909	0.498
0.648166	0.499
0.462173	0.367
0.820138	0.65
0.590728	0.423
0.903838	0.655
0.659644	0.614
0.944158	0.639
0.602353	0.423
0.490729	0.367
0.590309	0.423
0.464437	0.367
0.535534	0.498
0.449729	0.367
0.612812	0.499
0.451919	0.367
0.589195	0.423
0.45139	0.367
0.970415	0.639
0.472306	0.367
0.567418	0.423
0.438837	0.321
0.457322	0.367
0.434871	0.321
0.749449	0.568
0.578852	0.423
0.425673	0.321
0.689438	0.614
0.816254	0.65
0.426185	0.321
0.442089	0.321
0.492787	0.367
0.847521	0.65
0.995934	0.811
0.412373	0.321
0.806959	0.864
0.748939	0.568
0.598548	0.423
0.414091	0.321
0.798011	0.864
0.661848	0.614
0.406374	0.321
0.400896	0.321
0.472177	0.367
0.502773	0.498
0.46458	0.367
0.727771	0.568
0.998738	0.811
0.442905	0.321
0.949211	0.639
0.579025	0.423
0.617318	0.499
0.392017	0.207
0.507402	0.498
0.834478	0.65
0.478547	0.367
0.463292	0.367
0.396854	0.321
0.383474	0.207
0.908861	0.655
0.441922	0.321
0.390474	0.207
0.874741	0.655
0.417156	0.321
0.478906	0.367
0.389927	0.207
0.686695	0.614
0.404432	0.321
0.37449	0.207
0.897381	0.655
0.373762	0.207
0.543982	0.498
0.460897	0.367
0.868271	0.65
0.763975	0.864
0.435459	0.321
0.436786	0.321
0.386352	0.207
0.397835	0.321
0.595688	0.423
0.359893	0.207
0.670067	0.614
0.950066	0.639
0.509804	0.498
0.368183	0.207
0.791242	0.864
0.628882	0.499
0.349409	0.207
0.393293	0.207
0.814689	0.864
0.509412	0.498
0.377698	0.207
0.48194	0.367
0.497829	0.367
0.358141	0.207
0.433078	0.321
0.390748	0.207
0.410396	0.321
0.439737	0.321
0.893431	0.655
0.36199	0.207
0.556644	0.423
0.723766	0.568
0.879403	0.655
0.351522	0.207
0.579712	0.423
0.345232	0.207
0.722028	0.568
0.355154	0.207
0.592874	0.423
0.926175	0.639
0.382652	0.207
0.320483	0.184
0.320874	0.184
0.549692	0.498
0.358175	0.207
0.315036	0.184
0.425059	0.321
0.339858	0.184
0.87253	0.655
0.316802	0.184
0.314016	0.184
0.782687	0.864
0.611042	0.499
0.796511	0.864
0.306614	0.184
0.557605	0.423
0.304967	0.184
0.359852	0.207
0.368543	0.207
0.321999	0.184
0.30101	0.184
0.907717	0.655
0.309506	0.184
0.46536	0.367
0.356335	0.207
0.297038	0.184
0.873858	0.655
0.293178	0.184
0.360969	0.207
0.627344	0.499
0.416074	0.321
0.937291	0.639
0.568603	0.423
0.495239	0.367
0.301932	0.184
0.289798	0.118
0.345177	0.207
0.730353	0.568
0.290535	0.184
0.538662	0.498
0.575121	0.423
0.825178	0.65
0.517186	0.498
0.28078	0.118
0.299663	0.184
0.431354	0.321
0.368059	0.207
0.284435	0.118
0.783901	0.864
0.566432	0.423
0.272035	0.118
0.886711	0.655
0.519515	0.498
0.269349	0.118
0.300457	0.184
0.415579	0.321
0.277762	0.118
0.284205	0.118
0.574179	0.423
0.27466	0.118
0.380674	0.207
0.365186	0.207
0.26652	0.118
0.260612	0.118
0.754781	0.568
0.304984	0.184
0.255996	0.118
0.718144	0.568
0.930339	0.639
0.286252	0.118
0.693555	0.614
0.860301	0.65
0.594047	0.423
0.566782	0.423
0.297582	0.184
0.249446	0.118
0.514201	0.498
0.247817	0.118
0.929852	0.639
0.412923	0.321
0.300458	0.184
0.341343	0.184
0.249899	0.118
0.553494	0.423
0.251834	0.118
0.58795	0.423
0.615846	0.499
0.250463	0.118
0.423175	0.321
0.515984	0.498
0.248854	0.118
0.297934	0.184
0.257719	0.118
0.373202	0.207
0.584747	0.423
0.338826	0.184
0.45403	0.367
0.43295	0.321
0.708349	0.614
0.236197	0.099
0.630584	0.499
0.235615	0.099
0.875478	0.655
0.588497	0.423
0.259854	0.118
0.318811	0.184
0.294881	0.184
0.266835	0.118
0.267906	0.118
0.881146	0.655
0.258242	0.118
0.45948	0.367
0.250699	0.118
0.767289	0.864
0.982573	0.811
0.528226	0.498
0.227467	0.099
0.233522	0.099
0.257906	0.118
0.313319	0.184
0.228254	0.099
0.632283	0.499
0.229827	0.099
0.656876	0.499
0.812738	0.864
0.240686	0.118
0.347562	0.207
0.21928	0.099
0.664109	0.614
0.23431	0.099
0.59617	0.423
0.216059	0.099
0.22261	0.099
0.665682	0.614
0.326191	0.184
0.243457	0.118
0.220286	0.099
0.285177	0.118
0.407909	0.321
0.700826	0.614
0.255357	0.118
0.211108	0.099
0.220115	0.099
0.256365	0.118
0.565507	0.423
0.210644	0.099
0.237326	0.099
0.307393	0.184
0.221504	0.099
0.2705	0.118
0.214562	0.099
0.224375	0.099
0.551619	0.498
0.313467	0.184
0.257098	0.118
0.203473	0.099
0.204986	0.099
0.31126	0.184
0.24229	0.118
0.205496	0.099
0.351744	0.207
0.264278	0.118
0.942244	0.639
0.245225	0.118
0.21335	0.099
0.213382	0.099
0.748896	0.568
0.205927	0.099
0.240446	0.118
0.198303	0.099
0.202433	0.099
0.204708	0.099
0.259226	0.118
0.216909	0.099
0.362291	0.207
0.41914	0.321
0.260693	0.118
0.756092	0.568
0.228444	0.099
0.191004	0.099
0.193106	0.099
0.229735	0.099
0.216651	0.099
0.219095	0.099
0.659138	0.614
0.203251	0.099
0.383932	0.207
0.938159	0.639
0.232102	0.099
0.267439	0.118
0.188894	0.099
0.729221	0.568
0.647361	0.499
0.20987	0.099
0.593675	0.423
0.365306	0.207
0.569944	0.423
0.405708	0.321
0.550053	0.498
0.224244	0.099
0.288552	0.118
0.198376	0.099
0.521097	0.498
0.268459	0.118
0.324591	0.184
0.699929	0.614
0.551729	0.498
0.277306	0.118
0.197251	0.099
0.177595	0.066
0.211641	0.099
0.736302	0.568
0.17775	0.066
0.240744	0.118
0.55224	0.498
0.647388	0.499
0.241117	0.118
0.175326	0.066
0.208304	0.099
0.587179	0.423
0.426359	0.321
0.192134	0.099
0.332802	0.184
0.826961	0.65
0.353561	0.207
0.312159	0.184
0.289157	0.118
0.280197	0.118
0.27821	0.118
0.168084	0.066
0.172751	0.066
0.295623	0.184
0.195015	0.099
0.907863	0.655
0.166019	0.066
0.199983	0.099
0.327661	0.184
0.439933	0.321
0.73142	0.568
0.248157	0.118
0.241375	0.118
0.407848	0.321
0.157108	0.066
0.938572	0.639
0.926426	0.639
0.916805	0.655
0.20466	0.099
0.160891	0.066
0.328568	0.184
0.172919	0.066
0.358765	0.207
0.181187	0.066
0.912316	0.655
0.159276	0.066
0.54179	0.498
0.158503	0.066
0.224687	0.099
0.203861	0.099
0.175893	0.066
0.153727	0.066
0.333994	0.184
0.152573	0.066
0.413603	0.321
0.442696	0.321
0.163338	0.066
0.152258	0.066
0.219903	0.099
0.147448	0.066
0.150931	0.066
0.838514	0.65
0.168391	0.066
0.150643	0.066
0.28901	0.118
0.390706	0.207
0.144517	0.066
0.938988	0.639
0.627641	0.499
0.176453	0.066
0.796296	0.864
0.775728	0.864
0.148049	0.066
0.142087	0.066
0.868457	0.65
0.19687	0.099
0.536016	0.498
0.138574	0.066
0.167695	0.066
0.41661	0.321
0.262579	0.118
0.149812	0.066
0.764726	0.864
0.174193	0.066
0.132143	0.042
0.546479	0.498
0.153132	0.066
0.671259	0.614
0.160432	0.066
0.227447	0.099
0.13832	0.066
0.135063	0.042
0.131957	0.042
0.214444	0.099
0.229375	0.099
0.95222	0.639
0.127302	0.042
0.279923	0.118
0.135976	0.042
0.16598	0.066
0.182214	0.066
0.338328	0.184
0.570388	0.423
0.127774	0.042
0.166197	0.066
0.12793	0.042
0.16677	0.066
0.250919	0.118
0.370863	0.207
0.251107	0.118
0.166002	0.066
0.280692	0.118
0.153897	0.066
0.711848	0.568
0.127559	0.042
0.152189	0.066
0.118882	0.042
0.158573	0.066
0.776305	0.864
0.196067	0.099
0.26281	0.118
0.200155	0.099
0.404741	0.321
0.469549	0.367
0.956966	0.639
0.251807	0.118
0.346869	0.207
0.1533	0.066
0.834853	0.65
0.112453	0.042
0.215797	0.099
0.136196	0.042
0.129039	0.042
0.125247	0.042
0.114743	0.042
0.237728	0.099
0.17153	0.066
0.604109	0.423
0.111615	0.042
0.190558	0.099
0.187854	0.099
0.375676	0.207
0.11492	0.042
0.12505	0.042
0.560451	0.423
0.106092	0.042
0.132689	0.042
0.383077	0.207
0.10704	0.042
0.740745	0.568
0.342733	0.207
0.102895	0.042
0.113373	0.042
0.188242	0.099
0.122466	0.042
0.10496	0.042
0.143329	0.066
0.713456	0.568
0.27047	0.118
0.229738	0.099
0.10657	0.042
0.175671	0.066
0.145037	0.066
0.196988	0.099
0.745626	0.568
0.149063	0.066
0.538441	0.498
0.0991916	0.042
0.235359	0.099
0.96033	0.639
0.570956	0.423
0.332847	0.184
0.287501	0.118
0.170047	0.066
0.130473	0.042
0.43084	0.321
0.238721	0.118
0.137767	0.066
0.463039	0.367
0.271216	0.118
0.272569	0.118
0.856267	0.65
0.567779	0.423
0.591211	0.423
0.15108	0.066
0.120922	0.042
0.317747	0.184
0.227481	0.099
0.236255	0.099
0.437363	0.321
0.580626	0.423
0.127789	0.042
0.153151	0.066
0.204117	0.099
0.395117	0.207
0.819809	0.65
0.142438	0.066
0.197224	0.099
0.482033	0.367
0.711237	0.568
0.295665	0.184
0.933638	0.639
0.607976	0.499
0.167587	0.066
0.714378	0.568
0.276417	0.118
0.146494	0.066
0.877502	0.655
0.767776	0.864
0.194482	0.099
0.41351	0.321
0.813116	0.864
0.434783	0.321
0.162295	0.066
0.232649	0.099
0.569914	0.423
0.304694	0.184
0.148034	0.066
0.403385	0.321
0.432914	0.321
0.255153	0.118
0.103128	0.042
0.118491	0.042
0.458626	0.367
0.272231	0.118
0.112632	0.042
0.118144	0.042
0.101662	0.042
0.104347	0.042
0.331568	0.184
0.181861	0.066
0.797761	0.864
0.214263	0.099
0.644639	0.499
0.28901	0.118
0.188675	0.099
0.486273	0.367
0.567753	0.423
0.168402	0.066
0.496425	0.367
0.849455	0.65
0.406535	0.321
0.1723	0.066
0.33521	0.184
0.109757	0.042
0.250684	0.118
0.886066	0.655
0.624793	0.499
0.0988811	0.042
0.131347	0.042
0.368799	0.207
0.757824	0.568
0.127637	0.042
0.313393	0.184
0.238927	0.118
0.510743	0.498
0.0957964	0.042
0.13811	0.066
0.121564	0.042
0.111495	0.042
0.265543	0.118
0.72718	0.568
0.777905	0.864
0.0927731	0.028
0.243153	0.118
0.130943	0.042
0.104464	0.042
0.272244	0.118
0.737514	0.568
0.224817	0.099
0.184357	0.066
0.928806	0.639
0.11689	0.042
0.145726	0.066
0.394042	0.207
0.125095	0.042
0.136991	0.066
0.2787	0.118
0.151377	0.066
0.273961	0.118
0.130479	0.042
0.550246	0.498
0.867842	0.65
0.157184	0.066
0.18048	0.066
0.111838	0.042
0.263204	0.118
0.355596	0.207
0.171209	0.066
0.396226	0.321
0.131111	0.042
0.367391	0.207
0.105139	0.042
0.889709	0.655
0.265173	0.118
0.313643	0.184
0.0900097	0.028
0.409234	0.321
0.583355	0.423
0.177343	0.066
0.251404	0.118
0.0798549	0.028
0.929353	0.639
0.394654	0.207
0.100312	0.042
0.368542	0.207
0.260895	0.118
0.0982943	0.042
0.500115	0.367
0.238516	0.118
0.132102	0.042
0.723595	0.568
0.101818	0.042
0.105412	0.042
0.113692	0.042
0.0909897	0.028
0.211904	0.099
0.129754	0.042
0.0869573	0.028
0.154181	0.066
0.188264	0.099
0.724029	0.568
0.717181	0.568
0.11614	0.042
0.324692	0.184
0.307845	0.184
0.0882937	0.028
0.107135	0.042
0.353123	0.207
0.2214	0.099
0.277507	0.118
0.110255	0.042
0.253678	0.118
0.130815	0.042
0.165008	0.066
0.270241	0.118
0.100191	0.042
0.182189	0.066
0.911928	0.655
0.125472	0.042
0.332734	0.184
0.421612	0.321
0.21659	0.099
0.689202	0.614
0.0814601	0.028
0.200591	0.099
0.601574	0.423
0.185804	0.099
0.100785	0.042
0.156663	0.066
0.145592	0.066
0.541071	0.498
0.0956811	0.042
0.219829	0.099
0.202837	0.099
0.315974	0.184
0.128933	0.042
0.0971907	0.042
0.303664	0.184
0.0947825	0.028
0.124863	0.042
0.0881161	0.028
0.5284	0.498
0.34333	0.207
0.215872	0.099
0.176157	0.066
0.0903261	0.028
0.416339	0.321
0.0983716	0.042
0.936925	0.639
0.89612	0.655
0.381724	0.207
0.118482	0.042
0.08907	0.028
0.240896	0.118
0.27173	0.118
0.689221	0.614
0.135968	0.042
0.388785	0.207
0.228983	0.099
0.461239	0.367
0.303552	0.184
0.170398	0.066
0.135157	0.042
0.18507	0.066
0.419744	0.321
0.219339	0.099
0.269605	0.118
0.1433	0.066
0.369807	0.207
0.119739	0.042
0.218402	0.099
0.402074	0.321
0.123045	0.042
0.83794	0.65
0.444272	0.321
0.216062	0.099
0.0955415	0.042
0.122671	0.042
0.158257	0.066
0.170301	0.066
0.758397	0.568
0.716972	0.568
0.132833	0.042
0.12007	0.042
0.14344	0.066
0.353533	0.207
0.176506	0.066
0.129486	0.042
0.54011	0.498
0.123939	0.042
0.338888	0.184
0.104978	0.042
0.549956	0.498
0.317081	0.184
0.164898	0.066
0.142529	0.066
0.37101	0.207
0.220603	0.099
0.127517	0.042
0.489967	0.367
0.331453	0.184
0.246024	0.118
0.165098	0.066
0.171298	0.066
0.289309	0.118
0.129625	0.042
0.645547	0.499
0.262196	0.118
0.168822	0.066
0.542605	0.498
0.1568	0.066
0.444528	0.321
0.246019	0.118
0.17521	0.066
0.148696	0.066
0.312057	0.184
0.686271	0.614
0.722457	0.568
0.27274	0.118
0.162918	0.066
0.830381	0.65
0.122442	0.042
0.347158	0.207
0.193542	0.099
0.364187	0.207
0.362029	0.207
0.151821	0.066
0.310078	0.184
0.142071	0.066
0.649642	0.499
0.909718	0.655
0.125713	0.042
0.127437	0.042
0.23582	0.099
0.120398	0.042
0.36424	0.207
0.387876	0.207
0.0944306	0.028
0.146567	0.066
0.213325	0.099
0.118466	0.042
0.61717	0.499
0.312224	0.184
0.144673	0.066
0.396017	0.321
0.352648	0.207
0.766233	0.864
0.115297	0.042
0.141977	0.066
0.105625	0.042
0.290116	0.118
0.0963876	0.042
0.280664	0.118
0.105272	0.042
0.701835	0.614
0.140634	0.066
0.1642	0.066
0.144608	0.066
0.117304	0.042
0.278567	0.118
0.208089	0.099
0.106963	0.042
0.108854	0.042
0.508068	0.498
0.365559	0.207
0.131462	0.042
0.503544	0.498
0.105578	0.042
0.443595	0.321
0.472602	0.367
0.232185	0.099
0.163374	0.066
0.110757	0.042
0.579466	0.423
0.11818	0.042
0.870747	0.655
0.558932	0.423
0.130872	0.042
0.139937	0.066
0.282813	0.118
0.946152	0.639
0.115803	0.042
0.484603	0.367
0.719568	0.568
0.325705	0.184
0.61759	0.499
0.441697	0.321
0.125623	0.042
0.131864	0.042
0.581395	0.423
0.189282	0.099
0.137332	0.066
0.24317	0.118
0.367157	0.207
0.609885	0.499
0.116942	0.042
0.891269	0.655
0.490116	0.367
0.493499	0.367
0.248164	0.118
0.120037	0.042
0.127955	0.042
0.888641	0.655
0.879044	0.655
0.215656	0.099
0.515523	0.498
0.172516	0.066
0.197683	0.099
0.582573	0.423
0.298569	0.184
0.136444	0.042
0.152842	0.066
0.842813	0.65
0.869322	0.655
0.420624	0.321
0.12822	0.042
0.144025	0.066
0.194743	0.099
0.581571	0.423
0.304711	0.184
0.378052	0.207
0.28174	0.118
0.143176	0.066
0.386985	0.207
0.271885	0.118
0.199702	0.099
0.375448	0.207
0.161939	0.066
0.311973	0.184
0.146769	0.066
0.217343	0.099
0.364143	0.207
0.401173	0.321
0.141899	0.066
0.163806	0.066
0.157573	0.066
0.14955	0.066
0.285912	0.118
0.295743	0.184
0.144986	0.066
0.378641	0.207
0.403535	0.321
0.576367	0.423
0.151754	0.066
0.147884	0.066
0.391569	0.207
0.230379	0.099
0.208763	0.099
0.247281	0.118
0.850463	0.65
0.201543	0.099
0.29119	0.184
0.156607	0.066
0.253788	0.118
0.804959	0.864
0.543275	0.498
0.236695	0.099
0.169666	0.066
0.161155	0.066
0.37749	0.207
0.263151	0.118
0.389715	0.207
0.558197	0.423
0.163595	0.066
0.163116	0.066
0.239719	0.118
0.228218	0.099
0.20697	0.099
0.270039	0.118
0.257726	0.118
0.25075	0.118
0.237728	0.099
0.217766	0.099
0.543328	0.498
0.934856	0.639
0.191667	0.099
0.178437	0.066
0.169388	0.066
0.493015	0.367
0.250068	0.118
0.311853	0.184
0.32991	0.184
0.206507	0.099
0.306156	0.184
0.213241	0.099
0.175182	0.066
0.672629	0.614
0.192101	0.099
0.3427	0.207
0.191355	0.099
0.187874	0.099
0.211923	0.099
0.241261	0.118
0.349525	0.207
0.186515	0.099
0.278027	0.118
0.194176	0.099
0.711076	0.568
0.194322	0.099
0.232104	0.099
0.205401	0.099
0.348031	0.207
0.938203	0.639
0.623568	0.499
0.214361	0.099
0.198522	0.099
0.407774	0.321
0.910666	0.655
0.192975	0.099
0.253916	0.118
0.230788	0.099
0.198438	0.099
0.496677	0.367
0.402727	0.321
0.233545	0.099
0.215351	0.099
0.274137	0.118
0.268364	0.118
0.867812	0.65
0.626404	0.499
0.670216	0.614
0.266008	0.118
0.956605	0.639
0.29659	0.184
0.207612	0.099
0.258785	0.118
0.211948	0.099
0.265154	0.118
0.318405	0.184
0.626544	0.499
0.332608	0.184
0.265051	0.118
0.234499	0.099
0.496942	0.367
0.212614	0.099
0.35264	0.207
0.219316	0.099
0.323662	0.184
0.259851	0.118
0.904557	0.655
0.303263	0.184
0.223852	0.099
0.240928	0.118
0.358441	0.207
0.307375	0.184
0.242599	0.118
0.882889	0.655
0.21897	0.099
0.863203	0.65
0.288717	0.118
0.407955	0.321
0.226669	0.099
0.244435	0.118
0.673971	0.614
0.569462	0.423
0.610774	0.499
0.316507	0.184
0.931418	0.639
0.226814	0.099
0.234909	0.099
0.583836	0.423
0.225886	0.099
0.266711	0.118
0.387252	0.207
0.935101	0.639
0.85811	0.65
0.339314	0.184
0.972165	0.639
0.251815	0.118
0.852554	0.65
0.239863	0.118
0.633547	0.499
0.865177	0.65
0.811622	0.864
0.234879	0.099
0.297176	0.184
0.340831	0.184
0.502397	0.498
0.470264	0.367
0.941406	0.639
0.34801	0.207
0.331633	0.184
0.817632	0.65
0.312233	0.184
0.297781	0.184
0.379642	0.207
0.788417	0.864
0.25065	0.118
0.2738	0.118
0.250819	0.118
0.265823	0.118
0.256574	0.118
0.250779	0.118
0.427658	0.321
0.285471	0.118
0.916509	0.655
0.455439	0.367
0.260015	0.118
0.417806	0.321
0.326501	0.184
0.337478	0.184
0.293276	0.184
0.284491	0.118
0.30685	0.184
0.416993	0.321
0.890241	0.655
0.286712	0.118
0.896669	0.655
0.262178	0.118
0.265224	0.118
0.959507	0.639
0.301893	0.184
0.286275	0.118
0.309641	0.184
0.319788	0.184
0.289381	0.118
0.29373	0.184
0.555997	0.423
0.313233	0.184
0.277106	0.118
0.312215	0.184
0.302909	0.184
0.353668	0.207
0.400244	0.321
0.85492	0.65
0.938292	0.639
0.276231	0.118
0.318878	0.184
0.297158	0.184
0.844501	0.65
0.721885	0.568
0.365502	0.207
0.279809	0.118
0.538782	0.498
0.282488	0.118
0.374899	0.207
0.334916	0.184
0.414421	0.321
0.795645	0.864
0.2852	0.118
0.295881	0.184
0.318613	0.184
0.361149	0.207
0.36686	0.207
0.471929	0.367
0.32178	0.184
0.350204	0.207
0.57349	0.423
0.430884	0.321
0.371261	0.207
0.338965	0.184
0.829843	0.65
0.342578	0.184
0.527798	0.498
0.691399	0.614
0.378033	0.207
0.907784	0.655
0.621078	0.499
0.337407	0.184
0.65626	0.499
0.602368	0.423
0.923861	0.639
0.30709	0.184
0.303708	0.184
0.950798	0.639
0.664192	0.614
0.492026	0.367
0.4179	0.321
0.317937	0.184
0.820034	0.65
0.38952	0.207
0.481702	0.367
0.426203	0.321
0.688005	0.614
0.714331	0.568
0.32113	0.184
0.320022	0.184
0.335274	0.184
0.317749	0.184
0.921619	0.639
0.349207	0.207
0.961701	0.639
0.326845	0.184
0.492347	0.367
0.387935	0.207
0.397349	0.321
0.620358	0.499
0.567722	0.423
0.438981	0.321
0.369158	0.207
0.94839	0.639
0.386473	0.207
0.493938	0.367
0.798983	0.864
0.581581	0.423
0.346703	0.207
0.539865	0.498
0.496753	0.367
0.7962	0.864
0.384928	0.207
0.53896	0.498
0.990833	0.811
0.486265	0.367
0.346648	0.207
0.437833	0.321
0.6457	0.499
0.360838	0.207
0.419309	0.321
0.390532	0.207
0.368415	0.207
0.451429	0.367
0.353463	0.207
0.847942	0.65
0.369708	0.207
0.923988	0.639
0.51921	0.498
0.962992	0.639
0.856921	0.65
0.631818	0.499
0.358109	0.207
0.400085	0.321
0.368921	0.207
0.720747	0.568
0.478548	0.367
0.694279	0.614
0.491888	0.367
0.37188	0.207
0.379376	0.207
0.479607	0.367
0.481781	0.367
0.851039	0.65
0.433346	0.321
0.377293	0.207
0.379711	0.207
0.524575	0.498
0.387488	0.207
0.665508	0.614
0.762859	0.568
0.655633	0.499
0.797194	0.864
0.434278	0.321
0.563519	0.423
0.603624	0.423
0.564999	0.423
0.459788	0.367
0.391447	0.207
0.429244	0.321
0.402252	0.321
0.898651	0.655
0.901159	0.655
0.976687	0.811
0.958167	0.639
0.404215	0.321
0.449673	0.367
0.673159	0.614
0.561646	0.423
0.760221	0.568
0.750075	0.568
0.872845	0.655
0.408098	0.321
0.910158	0.655
0.62371	0.499
0.642759	0.499
0.475977	0.367
0.411037	0.321
0.751254	0.568
0.479119	0.367
0.851301	0.65
0.815605	0.864
0.591495	0.423
0.971193	0.639
0.433237	0.321
0.425166	0.321
0.635819	0.499
0.521219	0.498
0.652407	0.499
0.53117	0.498
0.435415	0.321
0.601516	0.423
0.698059	0.614
0.982195	0.811
0.53997	0.498
0.606702	0.499
0.462986	0.367
0.868916	0.655
0.548248	0.498
0.744042	0.568
0.874228	0.655
0.948727	0.639
0.845257	0.65
0.848043	0.65
0.695382	0.614
0.60481	0.423
0.896174	0.655
0.454312	0.367
0.458896	0.367
0.979171	0.811
0.915863	0.655
0.648119	0.499
0.457585	0.367
0.46401	0.367
0.558497	0.423
0.988857	0.811
0.494824	0.367
0.4637	0.367
0.82117	0.65
0.468681	0.367
0.554974	0.423
0.62538	0.499
0.495386	0.367
0.721319	0.568
0.91895	0.655
0.527424	0.498
0.571268	0.423
0.735016	0.568
0.48428	0.367
0.657475	0.499
0.591715	0.423
0.536674	0.498
0.477661	0.367
0.480163	0.367
0.622074	0.499
0.917121	0.655
0.483034	0.367
0.504067	0.498
0.543604	0.498
0.808979	0.864
0.58144	0.423
0.495164	0.367
0.980384	0.811
0.49119	0.367
0.495895	0.367
0.549062	0.498
0.892062	0.655
0.610537	0.499
0.633838	0.499
0.895354	0.655
0.759912	0.568
0.751961	0.568
0.988293	0.811
0.814877	0.864
0.546542	0.498
0.53483	0.498
0.537977	0.498
0.522303	0.498
0.83103	0.65
0.833234	0.65
0.62356	0.499
0.523692	0.498
0.684457	0.614
0.946962	0.639
0.836564	0.65
0.92314	0.639
0.743593	0.568
0.910657	0.655
0.619891	0.499
0.932102	0.639
0.945325	0.639
0.875283	0.655
0.653872	0.499
0.734536	0.568
0.967889	0.639
0.594758	0.423
0.962362	0.639
0.570542	0.423
0.66921	0.614
0.680715	0.614
0.953847	0.639
0.568536	0.423
0.958746	0.639
0.923883	0.639
0.771742	0.864
0.752822	0.568
0.585075	0.423
0.63703	0.499
0.581421	0.423
0.63884	0.499
0.718152	0.568
0.650757	0.499
0.718703	0.568
0.620321	0.499
0.863257	0.65
0.589621	0.423
0.755495	0.568
0.620472	0.499
0.71971	0.568
0.603429	0.423
0.646458	0.499
0.627993	0.499
0.793543	0.864
0.97731	0.811
0.698126	0.614
0.889324	0.655
0.615888	0.499
0.595615	0.423
0.912197	0.655
0.811591	0.864
0.967529	0.639
0.880737	0.655
0.908451	0.655
0.749573	0.568
0.763423	0.864
0.867491	0.65
0.995127	0.811
0.84943	0.65
0.758981	0.568
0.859572	0.65
0.698036	0.614
0.637119	0.499
0.725016	0.568
0.66414	0.614
0.800593	0.864
0.894196	0.655
0.627865	0.499
0.795313	0.864
0.697097	0.614
0.820515	0.65
0.725073	0.568
0.641172	0.499
0.739602	0.568
0.698622	0.614
0.706466	0.614
0.718357	0.568
0.720214	0.568
0.706177	0.614
0.970754	0.639
0.744803	0.568
0.810215	0.864
0.68498	0.614
0.735826	0.568
0.731733	0.568
0.665787	0.614
0.726898	0.568
0.668678	0.614
0.990882	0.811
0.681066	0.614
0.711588	0.568
0.698716	0.614
0.836783	0.65
0.695838	0.614
0.859762	0.65
0.826463	0.65
0.726618	0.568
0.699288	0.614
0.949956	0.639
0.842073	0.65
0.839932	0.65
0.859048	0.65
0.996478	0.811
0.716845	0.568
0.972527	0.639
0.757918	0.568
0.93906	0.639
0.719808	0.568
0.720371	0.568
0.725568	0.568
0.897893	0.655
0.801868	0.864
0.929857	0.639
0.796532	0.864
0.880409	0.655
0.892666	0.655
0.821861	0.65
0.868984	0.655
0.8789	0.655
0.791459	0.864
0.760434	0.568
0.910987	0.655
0.760296	0.568
0.848754	0.65
0.76635	0.864
0.812384	0.864
0.801697	0.864
0.832318	0.65
0.807552	0.864
0.865056	0.65
0.834863	0.65
0.887061	0.655
0.8749	0.655
0.94449	0.639
0.845092	0.65
0.991833	0.811
0.845316	0.65
0.820013	0.65
0.974604	0.811
0.85191	0.65
0.849138	0.65
0.829736	0.65
0.970447	0.639
0.845327	0.65
0.932056	0.639
0.841355	0.65
0.909636	0.655
0.849162	0.65
0.851893	0.65
0.853155	0.65
0.858605	0.65
0.923192	0.639
0.93518	0.639
0.988094	0.811
0.870415	0.655
0.961705	0.639
0.943416	0.639
0.91329	0.655
0.917381	0.655
0.906682	0.655
0.895463	0.655
0.913869	0.655
0.953894	0.639
0.995695	0.811
0.120557	0.042
0.144651	0.066
0.156418	0.066
0.161813	0.066
0.18302	0.066
0.175439	0.066
0.166441	0.066
0.161973	0.066
0.157108	0.066
0.147448	0.066
0.144539	0.066
0.138574	0.066
0.132143	0.042
0.132312	0.042
0.127302	0.042
0.12234	0.042
0.117987	0.042
0.112453	0.042
0.0948627	0.028
0.0902474	0.028
0.0845461	0.028
0.108158	0.042
0.0905042	0.028
0.10418	0.042
0.0942949	0.028
0.0846146	0.028
0.0835761	0.028
0.0803236	0.028
0.0919916	0.028
0.0792178	0.028
0.10314	0.042
0.095542	0.042
0.0886003	0.028
0.0632902	0.028
0.079595	0.028
0.0876984	0.028
0.067361	0.028
0.0602273	0.028
0.0624866	0.028
0.056816	0.028
0.0896747	0.028
0.0691965	0.028
0.0526369	0.028
0.0851594	0.028
0.0629005	0.028
0.0671819	0.028
0.0504603	0.028
0.0742321	0.028
0.0619444	0.028
0.072764	0.028
0.0654314	0.028
0.0678714	0.028
0.0558688	0.028
0.0653433	0.028
0.0765914	0.028
0.0369116	0.028
0.038319	0.028
0.0504531	0.028
0.0558912	0.028
0.0631955	0.028
0.0371884	0.028
0.0395033	0.028
0.0308503	0.028
0.0548427	0.028
0.0816084	0.028
0.0567751	0.028
0.0295041	0.028
0.0295151	0.028
0.0304899	0.028
0.0273943	0.028
0.0274465	0.028
0.0626151	0.028
0.0644392	0.028
0.0399699	0.028
0.0466025	0.028
0.0713787	0.028
0.0554952	0.028
0.0498542	0.028
0.0565389	0.028
0.0639216	0.028
0.0229312	0.028
0.0502551	0.028
0.0466206	0.028
0.0410788	0.028
0.0611432	0.028
0.0837694	0.028
0.0502491	0.028
0.0680209	0.028
0.0497378	0.028
0.0814618	0.028
0.0332746	0.028
0.0683063	0.028
0.0395042	0.028
0.0642634	0.028
0.0507756	0.028
0.0343963	0.028
0.0869812	0.028
0.046784	0.028
0.0429123	0.028
0.0555183	0.028
0.0447034	0.028
0.0489083	0.028
0.0849228	0.028
0.08907	0.028
0.0632911	0.028
0.0466338	0.028
0.0484935	0.028
0.0542298	0.028
0.0648133	0.028
0.0537159	0.028
0.0873972	0.028
0.0638157	0.028
0.0544782	0.028
0.0583428	0.028
0.0553739	0.028
0.0588657	0.028
0.0655696	0.028
0.0588696	0.028
0.0757237	0.028
0.0918696	0.028
0.0701429	0.028
0.077185	0.028
0.0690735	0.028
0.0660902	0.028
0.0950395	0.042
0.0777471	0.028
0.102734	0.042
0.0695593	0.028
0.079839	0.028
0.0972693	0.042
0.0727388	0.028
0.0727362	0.028
0.104887	0.042
0.0762683	0.028
0.104413	0.042
0.102481	0.042
0.0965325	0.042
0.101985	0.042
0.111648	0.042
0.097522	0.042
0.0963132	0.042
0.0927497	0.028
0.315493	0.184
0.747619	0.344
0.556818	0.618
0.531207	0.618
0.919804	0.552
0.908488	0.552
0.786957	0.552
0.808508	0.552
0.741066	0.344
0.815211	0.552
0.657869	0.344
0.72278	0.344
0.699489	0.344
0.614655	0.344
0.844698	0.552
0.584138	0.618
0.984593	0.466
0.318741	0.184
0.288897	0.184
0.323505	0.184
0.265499	0.184
0.373726	0.184
0.788395	0.552
0.175075	0.07
0.168985	0.07
0.670171	0.344
0.324373	0.184
0.0922235	0.07
0.142528	0.07
0.109904	0.07
0.359121	0.184
0.0853095	0.07
0.435183	0.618
0.152579	0.07
0.237266	0.07
0.243903	0.07
0.949338	0.466
0.356526	0.184
0.535352	0.618
0.541071	0.618
0.821522	0.552
0.700435	0.344
0.611384	0.344
0.670306	0.344
0.654542	0.344
0.739093	0.344
0.862897	0.552
0.985789	0.466
0.9431	0.805
0.847964	0.698
0.83869	0.698
0.812156	0.698
0.791603	0.698
0.843662	0.698
0.779494	0.698
0.76025	0.698
0.768463	0.698
0.775593	0.698
0.739752	0.698
0.972273	0.805
0.73564	0.698
0.956251	0.805
0.717338	0.698
0.642961	0.698
0.620897	0.698
0.672936	0.698
0.583227	0.444
0.813959	0.698
0.986144	0.805
0.577924	0.444
0.647572	0.698
0.616685	0.444
0.512519	0.444
0.507414	0.444
0.565347	0.444
0.469513	0.444
0.436181	0.444
0.73598	0.698
0.474221	0.444
0.392816	0.444
0.500766	0.444
0.371497	0.269
0.401155	0.444
0.339965	0.269
0.538799	0.444
0.481878	0.444
0.322505	0.269
0.382306	0.444
0.519945	0.444
0.589739	0.444
0.75128	0.698
0.469246	0.444
0.344035	0.269
0.436607	0.444
0.94235	0.805
0.557785	0.444
0.607028	0.444
0.246648	0.269
0.50515	0.444
0.458342	0.444
0.542541	0.444
0.354515	0.269
0.306546	0.269
0.238827	0.269
0.892167	0.805
0.245021	0.269
0.437217	0.444
0.514686	0.444
0.533277	0.444
0.281809	0.269
0.253352	0.269
0.246908	0.269
0.246971	0.269
0.43165	0.444
0.646635	0.698
0.792011	0.698
0.949416	0.805
0.807481	0.698
0.320295	0.269
0.464667	0.444
0.322283	0.269
0.530198	0.444
0.358463	0.269
0.361127	0.269
0.844814	0.698
0.498724	0.444
0.392711	0.444
0.712214	0.698
0.532881	0.444
0.917572	0.805
0.785798	0.698
0.553032	0.444
0.537512	0.444
0.998641	0.805
0.680295	0.698
0.695478	0.698
0.62934	0.698
0.917233	0.805
0.726849	0.698
0.732395	0.698
0.786096	0.698
0.9417	0.805
0.885684	0.805
0.997879	0.805
0.91103	0.805
0.975444	0.805
0.966822	0.776
0.602748	0.4
0.359599	0.179
0.356011	0.179
0.474019	0.4
0.178629	0.179
0.863064	0.776
0.370899	0.179
0.712832	0.588
0.142251	0.179
0.22875	0.179
0.347894	0.179
0.26924	0.179
0.575124	0.4
0.354502	0.179
0.889738	0.776
0.305826	0.179
0.303154	0.179
0.505483	0.4
0.610361	0.4
0.584188	0.4
0.832424	0.588
0.670652	0.588
0.690992	0.588
0.706598	0.588
0.905858	0.776
0.978041	0.776
0.999461	0.928
0.985736	0.928
0.973956	0.928
0.94372	0.812
0.935745	0.812
0.933089	0.812
0.949481	0.812
0.994529	0.928
0.938061	0.812
0.931574	0.812
0.906893	0.812
0.926614	0.812
0.883949	0.72
0.987048	0.928
0.934547	0.812
0.922124	0.812
0.971916	0.928
0.905019	0.812
0.926757	0.812
0.872722	0.72
0.860073	0.72
0.868126	0.72
0.876716	0.72
0.985921	0.928
0.99117	0.928
0.869098	0.72
0.873897	0.72
0.969714	0.928
0.997501	0.928
0.877653	0.72
0.93843	0.812
0.796254	0.836
0.794712	0.836
0.87639	0.72
0.860069	0.72
0.836214	0.72
0.828953	0.72
0.8124	0.72
0.81567	0.72
0.743199	0.836
0.766698	0.836
0.849441	0.72
0.817616	0.72
0.989848	0.928
0.978029	0.928
0.694159	0.672
0.817062	0.72
0.806163	0.836
0.705072	0.672
0.964053	0.928
0.944754	0.812
0.688209	0.672
0.762056	0.836
0.959438	0.812
0.749728	0.836
0.769776	0.836
0.743939	0.836
0.927037	0.812
0.895199	0.812
0.658586	0.672
0.969657	0.928
0.816387	0.72
0.610881	0.591
0.776133	0.836
0.967094	0.928
0.795051	0.836
0.835631	0.72
0.760014	0.836
0.733875	0.836
0.617918	0.591
0.74159	0.836
0.83027	0.72
0.9475	0.812
0.565222	0.482
0.709149	0.672
0.766383	0.836
0.549047	0.482
0.606281	0.591
0.655237	0.672
0.6095	0.591
0.882019	0.72
0.753992	0.836
0.658215	0.672
0.664439	0.672
0.708133	0.672
0.60358	0.591
0.785054	0.836
0.675973	0.672
0.658361	0.672
0.517885	0.482
0.580344	0.591
0.517112	0.482
0.651812	0.591
0.493665	0.395
0.668289	0.672
0.596759	0.591
0.529282	0.482
0.484564	0.395
0.507906	0.482
0.485961	0.395
0.887302	0.812
0.470989	0.395
0.464978	0.395
0.797373	0.836
0.9718	0.928
0.497881	0.395
0.547754	0.482
0.57211	0.482
0.886304	0.812
0.490183	0.395
0.811912	0.72
0.448177	0.395
0.857869	0.72
0.914947	0.812
0.900606	0.812
0.665099	0.672
0.442671	0.395
0.880675	0.72
0.474459	0.395
0.53031	0.482
0.434553	0.395
0.947395	0.812
0.830683	0.72
0.806426	0.836
0.823648	0.72
0.444426	0.395
0.442173	0.395
0.466958	0.395
0.650346	0.591
0.972082	0.928
0.546438	0.482
0.406026	0.337
0.843976	0.72
0.488037	0.395
0.643715	0.591
0.928716	0.812
0.553465	0.482
0.482238	0.395
0.531207	0.482
0.849303	0.72
0.705773	0.672
0.447566	0.395
0.867622	0.72
0.434228	0.395
0.488621	0.395
0.372876	0.337
0.750259	0.836
0.525559	0.482
0.3977	0.337
0.974728	0.928
0.413458	0.337
0.864963	0.72
0.444298	0.395
0.707744	0.672
0.55943	0.482
0.356006	0.337
0.4649	0.395
0.503788	0.482
0.985135	0.928
0.819777	0.72
0.942931	0.812
0.374164	0.337
0.891861	0.812
0.425836	0.395
0.710608	0.672
0.438982	0.395
0.553042	0.482
0.43606	0.395
0.516733	0.482
0.374667	0.337
0.919049	0.812
0.354361	0.337
0.360806	0.337
0.331794	0.255
0.859015	0.72
0.485682	0.395
0.339469	0.255
0.575544	0.482
0.321772	0.255
0.627851	0.591
0.450827	0.395
0.321996	0.255
0.51894	0.482
0.315367	0.255
0.731753	0.836
0.366042	0.337
0.439575	0.395
0.383608	0.337
0.295764	0.255
0.291115	0.255
0.643051	0.591
0.809805	0.72
0.29615	0.255
0.686353	0.672
0.527332	0.482
0.414759	0.337
0.572759	0.482
0.27259	0.255
0.428875	0.395
0.833886	0.72
0.420013	0.337
0.413534	0.337
0.501583	0.482
0.263962	0.16
0.700998	0.672
0.287511	0.255
0.325194	0.255
0.432334	0.395
0.270276	0.255
0.38009	0.337
0.253442	0.16
0.576249	0.482
0.348473	0.337
0.958159	0.812
0.269745	0.255
0.253377	0.16
0.309833	0.255
0.343632	0.255
0.366963	0.337
0.406222	0.337
0.392308	0.337
0.998168	0.928
0.726577	0.672
0.469808	0.395
0.425508	0.395
0.769519	0.836
0.883702	0.72
0.427805	0.395
0.321329	0.255
0.894357	0.812
0.487621	0.395
0.241269	0.16
0.579103	0.591
0.290098	0.255
0.224599	0.16
0.214906	0.16
0.211587	0.16
0.235075	0.16
0.796409	0.836
0.348522	0.337
0.205199	0.16
0.593081	0.591
0.243703	0.16
0.344653	0.255
0.20483	0.16
0.25624	0.16
0.220792	0.16
0.401424	0.337
0.215649	0.16
0.2521	0.16
0.194384	0.16
0.200041	0.16
0.296973	0.255
0.748433	0.836
0.332885	0.255
0.806172	0.836
0.325476	0.255
0.357991	0.337
0.434795	0.395
0.84054	0.72
0.381027	0.337
0.184711	0.089
0.258562	0.16
0.811509	0.72
0.619448	0.591
0.383429	0.337
0.423724	0.395
0.368856	0.337
0.279661	0.255
0.175739	0.089
0.172239	0.089
0.339483	0.255
0.758721	0.836
0.210023	0.16
0.968999	0.928
0.425754	0.395
0.345104	0.255
0.154311	0.089
0.267621	0.16
0.19888	0.16
0.420079	0.337
0.16441	0.089
0.697759	0.672
0.161563	0.089
0.165615	0.089
0.192284	0.16
0.340847	0.255
0.138922	0.089
0.218967	0.16
0.150046	0.089
0.146714	0.089
0.267989	0.16
0.1716	0.089
0.236371	0.16
0.208165	0.16
0.447817	0.395
0.743632	0.836
0.28776	0.255
0.259269	0.16
0.402704	0.337
0.461704	0.395
0.21225	0.16
0.598064	0.591
0.799076	0.836
0.309244	0.255
0.719953	0.672
0.585652	0.591
0.504257	0.482
0.216111	0.16
0.16888	0.089
0.125444	0.089
0.510682	0.482
0.142072	0.089
0.753127	0.836
0.407423	0.337
0.142023	0.089
0.120377	0.089
0.114273	0.044
0.169128	0.089
0.555131	0.482
0.127249	0.089
0.869649	0.72
0.194766	0.16
0.237135	0.16
0.149561	0.089
0.144167	0.089
0.319213	0.255
0.554887	0.482
0.154551	0.089
0.250078	0.16
0.192339	0.16
0.143942	0.089
0.253818	0.16
0.408939	0.337
0.127092	0.089
0.174298	0.089
0.18913	0.089
0.545433	0.482
0.637467	0.591
0.108789	0.044
0.113478	0.044
0.10948	0.044
0.169801	0.089
0.136784	0.089
0.093546	0.044
0.667363	0.672
0.151995	0.089
0.0985657	0.044
0.692935	0.672
0.313807	0.255
0.119509	0.089
0.167254	0.089
0.114501	0.044
0.496498	0.395
0.106519	0.044
0.61307	0.591
0.498909	0.395
0.611209	0.591
0.107151	0.044
0.104775	0.044
0.08137	0.044
0.156037	0.089
0.170015	0.089
0.158335	0.089
0.174278	0.089
0.0943494	0.044
0.125837	0.089
0.0729444	0.044
0.16007	0.089
0.154793	0.089
0.0723818	0.044
0.462923	0.395
0.172802	0.089
0.368256	0.337
0.0696531	0.044
0.572633	0.482
0.390355	0.337
0.0626237	0.044
0.170021	0.089
0.101598	0.044
0.0871695	0.044
0.0599559	0.044
0.0723073	0.044
0.147251	0.089
0.0560983	0.044
0.164652	0.089
0.19716	0.16
0.0674256	0.044
0.081844	0.044
0.0588929	0.044
0.159485	0.089
0.103599	0.044
0.0486549	0.044
0.0774051	0.044
0.7908	0.836
0.0468142	0.044
0.0525087	0.044
0.652856	0.591
0.0993722	0.044
0.137263	0.089
0.0669749	0.044
0.107097	0.044
0.0950476	0.044
0.0646288	0.044
0.0530174	0.044
0.0652979	0.044
0.0741317	0.044
0.137033	0.089
0.326604	0.255
0.316907	0.255
0.0951085	0.044
0.549289	0.482
0.404576	0.337
0.0670106	0.044
0.0543323	0.044
0.412016	0.337
0.59419	0.591
0.136684	0.089
0.557214	0.482
0.0855224	0.044
0.297543	0.255
0.0540425	0.044
0.0715519	0.044
0.155015	0.089
0.0487565	0.044
0.597911	0.591
0.056478	0.044
0.0851124	0.044
0.117073	0.044
0.0561372	0.044
0.127735	0.089
0.0619382	0.044
0.14342	0.089
0.939742	0.812
0.315459	0.255
0.722751	0.672
0.19319	0.16
0.0780083	0.044
0.103646	0.044
0.0481138	0.044
0.492273	0.395
0.999409	0.928
0.163625	0.089
0.0446562	0.044
0.864293	0.72
0.117865	0.089
0.531698	0.482
0.0514982	0.044
0.166168	0.089
0.699692	0.672
0.347564	0.337
0.0357654	0.044
0.0727438	0.044
0.5046	0.482
0.0413034	0.044
0.691998	0.672
0.237017	0.16
0.0446974	0.044
0.0672401	0.044
0.0529983	0.044
0.122573	0.089
0.171227	0.089
0.0505413	0.044
0.510054	0.482
0.13061	0.089
0.0619742	0.044
0.0474885	0.044
0.056069	0.044
0.334773	0.255
0.267839	0.16
0.320558	0.255
0.0578137	0.044
0.589228	0.591
0.128544	0.089
0.699126	0.672
0.353548	0.337
0.0569381	0.044
0.132032	0.089
0.0715126	0.044
0.0642788	0.044
0.0859281	0.044
0.20778	0.16
0.136574	0.089
0.0789256	0.044
0.349182	0.337
0.1201	0.089
0.0837286	0.044
0.0669077	0.044
0.542454	0.482
0.0871076	0.044
0.0717687	0.044
0.329908	0.255
0.072055	0.044
0.0874578	0.044
0.952428	0.812
0.0764688	0.044
0.10413	0.044
0.170731	0.089
0.0753084	0.044
0.0733068	0.044
0.0769972	0.044
0.547058	0.482
0.159843	0.089
0.0932077	0.044
0.997623	0.928
0.0853165	0.044
0.103961	0.044
0.190806	0.089
0.104308	0.044
0.123858	0.089
0.119036	0.089
0.111536	0.044
0.240974	0.16
0.143747	0.089
0.121707	0.089
0.807624	0.836
0.846215	0.72
0.178197	0.089
0.117883	0.089
0.767376	0.836
0.190751	0.089
0.18146	0.089
0.174118	0.089
0.105435	0.044
0.118724	0.089
0.337225	0.255
0.63413	0.591
0.274514	0.255
0.139895	0.089
0.155753	0.089
0.112425	0.044
0.705251	0.672
0.258457	0.16
0.375697	0.337
0.538811	0.482
0.254963	0.16
0.393485	0.337
0.146705	0.089
0.71318	0.672
0.130333	0.089
0.590014	0.591
0.43366	0.395
0.373034	0.337
0.197835	0.16
0.420991	0.337
0.258897	0.16
0.682812	0.672
0.289635	0.255
0.214114	0.16
0.152286	0.089
0.283272	0.255
0.143116	0.089
0.843663	0.72
0.430722	0.395
0.611698	0.591
0.501555	0.482
0.170408	0.089
0.165791	0.089
0.152233	0.089
0.161911	0.089
0.17722	0.089
0.188176	0.089
0.155918	0.089
0.214976	0.16
0.369151	0.337
0.211867	0.16
0.648637	0.591
0.402292	0.337
0.612263	0.591
0.216462	0.16
0.920364	0.812
0.172222	0.089
0.215524	0.16
0.413807	0.337
0.681493	0.672
0.206611	0.16
0.269696	0.255
0.282114	0.255
0.215122	0.16
0.181854	0.089
0.181822	0.089
0.181967	0.089
0.245765	0.16
0.208414	0.16
0.727712	0.672
0.477637	0.395
0.190048	0.089
0.553698	0.482
0.190136	0.089
0.983567	0.928
0.210136	0.16
0.25274	0.16
0.406221	0.337
0.58068	0.591
0.453787	0.395
0.199161	0.16
0.852183	0.72
0.361763	0.337
0.40595	0.337
0.317399	0.255
0.332207	0.255
0.236645	0.16
0.580613	0.591
0.243553	0.16
0.239074	0.16
0.446603	0.395
0.428072	0.395
0.240851	0.16
0.329156	0.255
0.300605	0.255
0.902693	0.812
0.289271	0.255
0.29707	0.255
0.685123	0.672
0.404431	0.337
0.393608	0.337
0.463847	0.395
0.519822	0.482
0.643036	0.591
0.269866	0.255
0.245131	0.16
0.253605	0.16
0.257567	0.16
0.237491	0.16
0.331929	0.255
0.520851	0.482
0.330422	0.255
0.265748	0.16
0.476256	0.395
0.2532	0.16
0.767837	0.836
0.279116	0.255
0.361795	0.337
0.256699	0.16
0.836873	0.72
0.655134	0.672
0.800306	0.836
0.637403	0.591
0.719745	0.672
0.427343	0.395
0.725274	0.672
0.540706	0.482
0.937562	0.812
0.281597	0.255
0.274986	0.255
0.320666	0.255
0.278439	0.255
0.344492	0.255
0.302683	0.255
0.78857	0.836
0.796493	0.836
0.389163	0.337
0.763902	0.836
0.59751	0.591
0.294192	0.255
0.452736	0.395
0.931867	0.812
0.711059	0.672
0.337972	0.255
0.447861	0.395
0.600361	0.591
0.638054	0.591
0.41678	0.337
0.54197	0.482
0.403493	0.337
0.539037	0.482
0.810295	0.72
0.337048	0.255
0.321272	0.255
0.42567	0.395
0.326785	0.255
0.647037	0.591
0.354284	0.337
0.329258	0.255
0.532969	0.482
0.533527	0.482
0.411596	0.337
0.366815	0.337
0.369482	0.337
0.902006	0.812
0.495313	0.395
0.839292	0.72
0.381251	0.337
0.367497	0.337
0.60308	0.591
0.820037	0.72
0.782629	0.836
0.842518	0.72
0.578578	0.591
0.667229	0.672
0.990361	0.928
0.383686	0.337
0.516264	0.482
0.840114	0.72
0.446433	0.395
0.528218	0.482
0.476317	0.395
0.622658	0.591
0.534475	0.482
0.639262	0.591
0.921266	0.812
0.800059	0.836
0.44897	0.395
0.472329	0.395
0.903108	0.812
0.488504	0.395
0.689542	0.672
0.840544	0.72
0.800149	0.836
0.712861	0.672
0.523405	0.482
0.535499	0.482
0.607589	0.591
0.554508	0.482
0.466517	0.395
0.729018	0.672
0.475825	0.395
0.704671	0.672
0.934445	0.812
0.540669	0.482
0.545562	0.482
0.57193	0.482
0.627327	0.591
0.925898	0.812
0.530101	0.482
0.595085	0.591
0.658657	0.672
0.556359	0.482
0.602787	0.591
0.805036	0.836
0.80182	0.836
0.54332	0.482
0.538878	0.482
0.557409	0.482
0.630288	0.591
0.587501	0.591
0.646044	0.591
0.732646	0.836
0.844159	0.72
0.624842	0.591
0.725311	0.672
0.586869	0.591
0.696134	0.672
0.65782	0.672
0.579665	0.591
0.581708	0.591
0.595897	0.591
0.897769	0.812
0.60634	0.591
0.603986	0.591
0.691109	0.672
0.856586	0.72
0.673513	0.672
0.931652	0.812
0.671597	0.672
0.901516	0.812
0.914221	0.812
0.626873	0.591
0.752815	0.836
0.671314	0.672
0.695349	0.672
0.936359	0.812
0.949314	0.812
0.710053	0.672
0.83274	0.72
0.925051	0.812
0.736957	0.836
0.75582	0.836
0.835233	0.72
0.748452	0.836
0.841137	0.72
0.747398	0.836
0.774589	0.836
0.901497	0.812
0.919981	0.812
0.768794	0.836
0.806452	0.836
0.839015	0.72
0.95788	0.812
0.840171	0.72
0.813326	0.72
0.841408	0.72
0.955288	0.812
0.883132	0.72
0.982457	0.928
0.829941	0.72
0.949352	0.812
0.856368	0.72
0.899216	0.812
0.916716	0.812
0.881909	0.72
0.893072	0.812
0.894505	0.812
0.917807	0.812
0.996214	0.928
0.966966	0.928
0.912621	0.812
0.903783	0.812
0.962961	0.812
0.997343	0.928
0.927078	0.998
0.739411	0.555
0.607977	0.236
0.731247	0.555
0.833379	0.555
0.53955	0.236
0.462404	0.199
0.574923	0.236
0.314815	0.199
0.335348	0.199
0.332974	0.199
0.499933	0.236
0.178566	0.108
0.566704	0.236
0.78071	0.555
0.526566	0.236
0.199848	0.108
0.303853	0.108
0.116972	0.108
0.114286	0.108
0.132838	0.108
0.125042	0.108
0.143107	0.108
0.376343	0.199
0.342127	0.199
0.123668	0.108
0.154386	0.108
0.615748	0.236
0.326811	0.199
0.739675	0.555
0.405769	0.199
0.252018	0.108
0.642761	0.236
0.852421	0.998
0.597962	0.236
0.324829	0.199
0.967609	0.998
0.559186	0.236
0.35998	0.199
0.516682	0.236
0.562586	0.236
0.426962	0.199
0.880895	0.619
0.874524	0.619
0.969957	0.619
0.853429	0.619
0.751902	0.449
0.550633	0.449
0.591092	0.449
0.356926	0.122
0.303738	0.122
0.305265	0.122
0.360333	0.122
0.139876	0.122
0.311596	0.122
0.26615	0.122
0.129839	0.122
0.329169	0.122
0.557278	0.449
0.272203	0.122
0.330643	0.122
0.319586	0.122
0.19623	0.122
0.236261	0.122
0.198834	0.122
0.995087	0.619
0.730911	0.449
0.812788	0.619
0.448564	0.122
0.301881	0.122
0.513408	0.449
0.283363	0.122
0.280968	0.122
0.285258	0.122
0.343345	0.122
0.760143	0.449
0.384281	0.122
0.766647	0.449
0.850303	0.619
0.557855	0.449
0.762273	0.449
0.625695	0.449
0.605482	0.449
0.921256	0.619
0.695054	0.449
0.680712	0.449
0.881569	0.619
0.827358	0.619
0.839608	0.619
0.986165	0.619
0.918654	0.747
0.903494	0.747
0.922984	0.747
0.849978	0.283
0.981476	0.747
0.716389	0.176
0.86167	0.283
0.60971	0.176
0.671541	0.176
0.607751	0.176
0.467382	0.144
0.850632	0.283
0.477894	0.144
0.662306	0.176
0.716036	0.176
0.321727	0.091
0.303103	0.091
0.505767	0.144
0.642692	0.176
0.366444	0.091
0.877233	0.283
0.316655	0.091
0.169544	0.032
0.634234	0.176
0.226481	0.032
0.206247	0.032
0.164904	0.032
0.185568	0.032
0.174635	0.032
0.692679	0.176
0.837389	0.283
0.473143	0.144
0.192503	0.032
0.329768	0.091
0.325222	0.091
0.76367	0.283
0.484183	0.144
0.676222	0.176
0.220762	0.032
0.791965	0.283
0.350351	0.091
0.456588	0.144
0.331544	0.091
0.31653	0.091
0.843427	0.283
0.877237	0.283
0.841211	0.283
0.656606	0.176
0.717385	0.176
0.477306	0.144
0.721039	0.176
0.725267	0.283
0.632254	0.176
0.838369	0.283
0.648343	0.176
0.473407	0.144
0.865553	0.525
0.59954	0.346
0.866171	0.525
0.304495	0.429
0.852846	0.525
0.616544	0.346
0.626311	0.144
0.566702	0.112
0.825724	0.144
0.963539	0.675
0.432223	0.112
0.457583	0.112
0.251549	0.054
0.330377	0.054
0.194841	0.054
0.188564	0.054
0.186962	0.054
0.347135	0.054
0.723421	0.144
0.511623	0.112
0.332647	0.054
0.479279	0.112
0.277095	0.054
0.204703	0.054
0.613987	0.112
0.503115	0.112
0.252115	0.054
0.544225	0.112
0.680055	0.144
0.358077	0.054
0.519789	0.112
0.775461	0.144
0.410592	0.112
0.714022	0.144
0.706399	0.144
0.563177	0.112
0.692832	0.144
0.675045	0.144
0.776622	0.144
0.849317	0.144
0.866177	0.144
0.786002	0.144
0.729162	0.144
0.603097	0.112
0.535241	0.112
0.294732	0.054
0.406705	0.112
0.614437	0.112
0.696656	0.144
0.626311	0.144
0.673525	0.504
0.535651	0.388
0.563495	0.388
0.377838	0.261
0.586114	0.388
0.668676	0.504
0.196852	0.158
0.157521	0.158
0.181626	0.158
0.162638	0.158
0.449979	0.261
0.317102	0.261
0.304135	0.261
0.404131	0.261
0.640437	0.388
0.954637	0.804
0.795776	0.504
0.962929	0.804
0.704388	0.504
0.650872	0.388
0.924824	0.804
0.781541	0.504
0.357369	0.057
0.325752	0.057
0.697769	0.307
0.238283	0.057
0.142795	0.057
0.140983	0.057
0.128209	0.057
0.250903	0.057
0.65393	0.307
0.33408	0.057
0.309145	0.057
0.274266	0.057
0.291196	0.057
0.39132	0.21
0.432751	0.21
0.229061	0.057
0.456814	0.21
0.673129	0.307
0.438811	0.21
0.403864	0.21
0.273691	0.057
0.280063	0.057
0.289237	0.057
0.443688	0.21
0.613965	0.307
0.639455	0.307
0.655226	0.307
0.940647	0.636
0.811539	0.345
0.541795	0.789
0.464156	0.095
0.414056	0.095
0.289358	0.043
0.187985	0.043
0.348114	0.095
0.166641	0.043
0.685674	0.345
0.309831	0.095
0.330216	0.095
0.862987	0.345
0.82659	0.206
0.801366	0.206
0.757339	0.206
0.934081	0.391
0.686649	0.206
0.322986	0.056
0.406921	0.056
0.360553	0.056
0.659494	0.206
0.408493	0.056
0.361514	0.056
0.351068	0.056
0.583973	0.206
0.937632	0.391
0.800378	0.206
0.848872	0.391
0.631763	0.206
0.852628	0.391
0.874377	0.391
0.724184	0.206
0.688145	0.641
0.914479	0.416
0.459634	0.289
0.393528	0.289
0.314919	0.289
0.959896	0.416
0.939011	0.416
0.439111	0.289
0.344676	0.289
0.937597	0.416
0.407845	0.289
0.335726	0.289
0.528446	0.289
0.43681	0.289
0.927919	0.416
0.632522	0.641
0.668736	0.641
0.958546	0.416
0.62879	0.641
0.873175	0.416
0.882078	0.416
0.78348	0.641
0.971193	0.416
0.743401	0.641
0.870849	0.416
0.921587	0.416
0.981151	0.416
0.676302	0.414
0.464208	0.129
0.774808	0.414
0.462723	0.129
0.422501	0.129
0.689059	0.414
0.41609	0.129
0.290189	0.078
0.686261	0.414
0.26952	0.078
0.765963	0.414
0.275414	0.078
0.464147	0.129
0.285025	0.078
0.441082	0.129
0.684917	0.414
0.425339	0.129
0.952178	0.701
0.738363	0.762
0.703264	0.762
0.575468	0.591
0.73131	0.762
0.920678	0.392
0.848019	0.392
0.654897	0.591
0.560338	0.591
0.510632	0.222
0.507382	0.222
0.528024	0.222
0.834278	0.392
0.601539	0.591
0.920756	0.392
0.794045	0.762
0.78556	0.762
0.421068	0.177
0.671658	0.591
0.474463	0.222
0.97703	0.701
0.753107	0.762
0.979321	0.701
0.411884	0.177
0.353563	0.177
0.686709	0.762
0.830724	0.392
0.677884	0.762
0.49063	0.222
0.392286	0.177
0.222791	0.129
0.333532	0.177
0.679389	0.762
0.58381	0.591
0.810974	0.392
0.172953	0.084
0.711451	0.762
0.311353	0.177
0.358852	0.177
0.216866	0.129
0.326605	0.177
0.1833	0.129
0.289929	0.129
0.674082	0.591
0.819064	0.392
0.220279	0.129
0.843423	0.392
0.209119	0.129
0.681343	0.762
0.967473	0.701
0.580954	0.591
0.810631	0.392
0.251305	0.129
0.748151	0.762
0.378484	0.177
0.917289	0.392
0.827876	0.392
0.856719	0.392
0.371906	0.177
0.816374	0.392
0.172475	0.084
0.551859	0.591
0.184995	0.129
0.35912	0.177
0.536314	0.222
0.419892	0.177
0.205426	0.129
0.264078	0.129
0.457116	0.222
0.870274	0.392
0.459821	0.222
0.843614	0.392
0.218328	0.129
0.213757	0.129
0.734049	0.762
0.30257	0.177
0.673953	0.591
0.56987	0.591
0.36445	0.177
0.856565	0.392
0.371935	0.177
0.874755	0.392
0.244093	0.129
0.887355	0.392
0.253906	0.129
0.364549	0.177
0.320108	0.177
0.686928	0.762
0.391793	0.177
0.656122	0.591
0.864241	0.392
0.555409	0.591
0.498967	0.222
0.710961	0.762
0.375611	0.177
0.851589	0.392
0.327869	0.177
0.650428	0.591
0.314853	0.177
0.904806	0.392
0.726804	0.762
0.366366	0.177
0.96623	0.701
0.590704	0.591
0.31008	0.177
0.32336	0.177
0.471342	0.222
0.781081	0.762
0.707965	0.762
0.3287	0.177
0.549051	0.222
0.667832	0.591
0.54497	0.222
0.340509	0.177
0.481035	0.222
0.379845	0.177
0.713719	0.762
0.376459	0.177
0.949137	0.701
0.695377	0.762
0.457756	0.222
0.598814	0.591
0.674523	0.591
0.368946	0.177
0.462652	0.222
0.372083	0.177
0.423505	0.177
0.409245	0.177
0.859158	0.392
0.924568	0.392
0.388282	0.177
0.388896	0.177
0.674912	0.591
0.891994	0.392
0.634837	0.591
0.442003	0.222
0.749984	0.762
0.404409	0.177
0.400904	0.177
0.832513	0.392
0.604057	0.591
0.998099	0.701
0.646342	0.591
0.607016	0.591
0.963409	0.701
0.527074	0.222
0.764783	0.762
0.575304	0.591
0.678288	0.762
0.828742	0.392
0.991908	0.701
0.676059	0.762
0.526326	0.222
0.793302	0.762
0.568748	0.591
0.669954	0.591
0.696958	0.762
0.484846	0.222
0.692159	0.762
0.909694	0.392
0.514801	0.222
0.642722	0.591
0.583342	0.591
0.739116	0.762
0.954184	0.701
0.508802	0.222
0.568871	0.591
0.959119	0.701
0.592974	0.591
0.740336	0.762
0.62429	0.591
0.682043	0.762
0.647381	0.591
0.788889	0.762
0.764694	0.762
0.61596	0.591
0.782522	0.762
0.822584	0.392
0.76069	0.762
0.701204	0.762
0.72367	0.762
0.943604	0.701
0.678397	0.762
0.731249	0.762
0.906775	0.392
0.929242	0.392
0.992579	0.744
0.933217	0.659
0.935446	0.659
0.900375	0.621
0.880479	0.621
0.847724	0.582
0.860171	0.582
0.820748	0.582
0.802397	0.703
0.835432	0.582
0.954414	0.659
0.830171	0.582
0.85078	0.582
0.911944	0.621
0.809926	0.582
0.775443	0.703
0.901617	0.621
0.856454	0.582
0.743301	0.394
0.885245	0.621
0.715862	0.394
0.936588	0.659
0.774318	0.703
0.694229	0.394
0.734448	0.394
0.742866	0.394
0.839744	0.582
0.681604	0.261
0.689926	0.394
0.957809	0.659
0.859526	0.582
0.700912	0.394
0.663514	0.261
0.645437	0.261
0.679481	0.261
0.652907	0.261
0.701248	0.394
0.813631	0.582
0.639008	0.261
0.968848	0.659
0.980152	0.659
0.813687	0.582
0.87176	0.621
0.77618	0.703
0.708876	0.394
0.648989	0.261
0.689023	0.261
0.673723	0.261
0.613338	0.212
0.647383	0.261
0.944472	0.659
0.918643	0.621
0.645373	0.261
0.832458	0.582
0.585044	0.212
0.578966	0.212
0.599983	0.212
0.689461	0.394
0.622756	0.212
0.567347	0.161
0.551229	0.161
0.551102	0.161
0.743153	0.394
0.816888	0.582
0.538033	0.161
0.645398	0.261
0.581	0.212
0.610112	0.212
0.564927	0.161
0.582397	0.212
0.555006	0.161
0.647522	0.261
0.597129	0.212
0.513415	0.161
0.512472	0.161
0.505091	0.124
0.561161	0.161
0.58303	0.212
0.495903	0.124
0.511087	0.161
0.495434	0.124
0.61315	0.212
0.928178	0.621
0.690977	0.394
0.688364	0.261
0.693357	0.394
0.855583	0.582
0.506334	0.124
0.479699	0.124
0.571972	0.212
0.480943	0.124
0.472455	0.124
0.470222	0.124
0.490517	0.124
0.516439	0.161
0.521796	0.161
0.659955	0.261
0.4778	0.124
0.503209	0.124
0.595918	0.212
0.515708	0.161
0.554807	0.161
0.527113	0.161
0.643236	0.261
0.483876	0.124
0.460402	0.124
0.4745	0.124
0.453322	0.124
0.458984	0.124
0.499115	0.124
0.454772	0.124
0.808754	0.703
0.53269	0.161
0.45551	0.124
0.550936	0.161
0.439803	0.117
0.447126	0.117
0.663395	0.261
0.546556	0.161
0.629397	0.261
0.434428	0.117
0.427078	0.117
0.424067	0.117
0.992582	0.744
0.430449	0.117
0.576935	0.212
0.429237	0.117
0.503799	0.124
0.598967	0.212
0.87457	0.621
0.661291	0.261
0.480773	0.124
0.423844	0.117
0.410044	0.117
0.568183	0.161
0.407893	0.117
0.437231	0.117
0.571631	0.212
0.471463	0.124
0.552007	0.161
0.421397	0.117
0.729549	0.394
0.618055	0.212
0.45111	0.124
0.457313	0.124
0.731934	0.394
0.403169	0.117
0.510743	0.161
0.412821	0.117
0.377563	0.084
0.48758	0.124
0.386651	0.084
0.375878	0.084
0.426725	0.117
0.639643	0.261
0.378662	0.084
0.423083	0.117
0.508953	0.124
0.463535	0.124
0.912935	0.621
0.426381	0.117
0.476758	0.124
0.372001	0.084
0.503627	0.124
0.941338	0.659
0.465754	0.124
0.361392	0.084
0.418217	0.117
0.365838	0.084
0.360663	0.084
0.361196	0.084
0.433304	0.117
0.372312	0.084
0.34871	0.084
0.354625	0.084
0.363384	0.084
0.363621	0.084
0.345016	0.084
0.362697	0.084
0.380417	0.084
0.367372	0.084
0.341177	0.084
0.511705	0.161
0.463836	0.124
0.455248	0.124
0.546403	0.161
0.397174	0.117
0.369068	0.084
0.383431	0.084
0.396487	0.117
0.34686	0.084
0.346207	0.084
0.329373	0.064
0.356887	0.084
0.367466	0.084
0.351624	0.084
0.319419	0.064
0.523708	0.161
0.320997	0.064
0.566534	0.161
0.333158	0.084
0.329143	0.064
0.312161	0.064
0.393468	0.117
0.490404	0.124
0.379999	0.084
0.331924	0.084
0.712803	0.394
0.517223	0.161
0.31004	0.064
0.300767	0.064
0.334691	0.084
0.307432	0.064
0.947313	0.659
0.818739	0.582
0.299392	0.064
0.479454	0.124
0.880816	0.621
0.29637	0.064
0.978478	0.659
0.295811	0.064
0.769763	0.703
0.32585	0.064
0.346241	0.084
0.360953	0.084
0.334974	0.084
0.300574	0.064
0.289422	0.064
0.37326	0.084
0.299248	0.064
0.376457	0.084
0.635095	0.261
0.333653	0.084
0.296753	0.064
0.280357	0.064
0.310983	0.064
0.28796	0.064
0.823221	0.582
0.525646	0.161
0.290992	0.064
0.33396	0.084
0.287215	0.064
0.603354	0.212
0.27458	0.064
0.356878	0.084
0.546964	0.161
0.674741	0.261
0.270592	0.05
0.280476	0.064
0.502682	0.124
0.294175	0.064
0.484405	0.124
0.722669	0.394
0.262967	0.05
0.320299	0.064
0.360561	0.084
0.708923	0.394
0.269433	0.05
0.272611	0.064
0.26001	0.05
0.372729	0.084
0.837582	0.582
0.253843	0.05
0.972193	0.659
0.256685	0.05
0.253554	0.05
0.840856	0.582
0.825378	0.582
0.933312	0.659
0.296405	0.064
0.241626	0.05
0.25351	0.05
0.444323	0.117
0.341522	0.084
0.442962	0.117
0.334433	0.084
0.297413	0.064
0.282097	0.064
0.422263	0.117
0.505402	0.124
0.234693	0.05
0.536236	0.161
0.256626	0.05
0.816219	0.582
0.586627	0.212
0.234077	0.05
0.371579	0.084
0.246914	0.05
0.283242	0.064
0.41127	0.117
0.225862	0.05
0.519014	0.161
0.631642	0.261
0.22594	0.05
0.218479	0.05
0.241442	0.05
0.343888	0.084
0.683538	0.261
0.216568	0.05
0.395765	0.117
0.472418	0.124
0.241663	0.05
0.257321	0.05
0.290497	0.064
0.363229	0.084
0.9129	0.621
0.240419	0.05
0.264035	0.05
0.256917	0.05
0.505353	0.124
0.215487	0.05
0.376604	0.084
0.210254	0.039
0.237147	0.05
0.208914	0.039
0.225642	0.05
0.21382	0.05
0.267872	0.05
0.657689	0.261
0.422804	0.117
0.272543	0.064
0.200365	0.039
0.742184	0.394
0.455047	0.124
0.206056	0.039
0.307961	0.064
0.220322	0.05
0.195998	0.039
0.203376	0.039
0.207914	0.039
0.272204	0.064
0.657002	0.261
0.481	0.124
0.19623	0.039
0.251578	0.05
0.279212	0.064
0.278218	0.064
0.219068	0.05
0.186093	0.039
0.187825	0.039
0.327317	0.064
0.800245	0.703
0.2937	0.064
0.336292	0.084
0.18204	0.039
0.206202	0.039
0.199047	0.039
0.899716	0.621
0.23406	0.05
0.177246	0.039
0.962708	0.659
0.223282	0.05
0.467483	0.124
0.288769	0.064
0.175191	0.039
0.173851	0.039
0.191308	0.039
0.239892	0.05
0.196979	0.039
0.612688	0.212
0.216998	0.05
0.657824	0.261
0.184444	0.039
0.182794	0.039
0.355819	0.084
0.356618	0.084
0.653254	0.261
0.485242	0.124
0.598993	0.212
0.240595	0.05
0.177038	0.039
0.163575	0.039
0.201926	0.039
0.226523	0.05
0.209819	0.039
0.195494	0.039
0.944429	0.659
0.602268	0.212
0.217413	0.05
0.176472	0.039
0.18804	0.039
0.167424	0.039
0.406598	0.117
0.474597	0.124
0.268037	0.05
0.267601	0.05
0.152338	0.039
0.266791	0.05
0.317199	0.064
0.194007	0.039
0.165381	0.039
0.927198	0.621
0.285294	0.064
0.211	0.039
0.162552	0.039
0.52806	0.161
0.963292	0.659
0.174558	0.039
0.378248	0.084
0.156442	0.039
0.32883	0.064
0.691933	0.394
0.140221	0.029
0.784466	0.703
0.597812	0.212
0.151876	0.039
0.215433	0.05
0.634614	0.261
0.154305	0.039
0.206087	0.039
0.348849	0.084
0.148754	0.029
0.592578	0.212
0.417556	0.117
0.639485	0.261
0.222917	0.05
0.343544	0.084
0.221931	0.05
0.361071	0.084
0.31347	0.064
0.592998	0.212
0.142302	0.029
0.287489	0.064
0.313951	0.064
0.196994	0.039
0.230241	0.05
0.69464	0.394
0.208751	0.039
0.513335	0.161
0.147735	0.029
0.122008	0.029
0.262438	0.05
0.166311	0.039
0.375551	0.084
0.118999	0.029
0.21008	0.039
0.147565	0.029
0.163858	0.039
0.12834	0.029
0.438781	0.117
0.630386	0.261
0.226936	0.05
0.114483	0.029
0.17009	0.039
0.21217	0.05
0.243358	0.05
0.104925	0.029
0.884679	0.621
0.379742	0.084
0.116112	0.029
0.150339	0.029
0.371107	0.084
0.603312	0.212
0.39725	0.117
0.314026	0.064
0.441688	0.117
0.11031	0.029
0.183909	0.039
0.151023	0.029
0.0991327	0.029
0.152105	0.039
0.419789	0.117
0.100957	0.029
0.34072	0.084
0.10401	0.029
0.142581	0.029
0.182179	0.039
0.119724	0.029
0.14512	0.029
0.175108	0.039
0.138717	0.029
0.207528	0.039
0.405398	0.117
0.346945	0.084
0.141316	0.029
0.214209	0.05
0.120625	0.029
0.0930972	0.021
0.224493	0.05
0.0926452	0.021
0.101652	0.029
0.751183	0.703
0.110933	0.029
0.950543	0.659
0.150702	0.029
0.131652	0.029
0.277326	0.064
0.0886772	0.021
0.18828	0.039
0.0884241	0.021
0.118338	0.029
0.0720647	0.021
0.143972	0.029
0.0903326	0.021
0.165939	0.039
0.118534	0.029
0.124948	0.029
0.130869	0.029
0.0698646	0.021
0.0825323	0.021
0.0719394	0.021
0.314717	0.064
0.543204	0.161
0.0734797	0.021
0.0860422	0.021
0.0750792	0.021
0.0723466	0.021
0.0937158	0.021
0.212167	0.05
0.124087	0.029
0.147723	0.029
0.111593	0.029
0.0609933	0.021
0.357289	0.084
0.069696	0.021
0.517791	0.161
0.0924688	0.021
0.0808638	0.021
0.0828246	0.021
0.251856	0.05
0.147619	0.029
0.0617415	0.021
0.355966	0.084
0.258134	0.05
0.0709362	0.021
0.12599	0.029
0.109261	0.029
0.0681712	0.021
0.0606491	0.021
0.0751827	0.021
0.158206	0.039
0.199136	0.039
0.416745	0.117
0.814371	0.582
0.337358	0.084
0.0498238	0.021
0.0708771	0.021
0.0911869	0.021
0.672613	0.261
0.0819451	0.021
0.403787	0.117
0.0477637	0.021
0.872897	0.621
0.0505018	0.021
0.420002	0.117
0.831891	0.582
0.329494	0.064
0.0651996	0.021
0.195468	0.039
0.181968	0.039
0.488391	0.124
0.0586462	0.021
0.602699	0.212
0.136781	0.029
0.244297	0.05
0.149602	0.029
0.703823	0.394
0.166346	0.039
0.0548894	0.021
0.0798893	0.021
0.153565	0.039
0.692501	0.394
0.58133	0.212
0.424011	0.117
0.407698	0.117
0.245567	0.05
0.148778	0.029
0.0440407	0.021
0.230975	0.05
0.1081	0.029
0.0932728	0.021
0.244779	0.05
0.118944	0.029
0.165546	0.039
0.269873	0.05
0.0813843	0.021
0.318775	0.064
0.133441	0.029
0.199448	0.039
0.967362	0.659
0.140709	0.029
0.155654	0.039
0.182007	0.039
0.426413	0.117
0.0503922	0.021
0.318783	0.064
0.0593146	0.021
0.14435	0.029
0.108119	0.029
0.408385	0.117
0.452546	0.124
0.0789389	0.021
0.217093	0.05
0.13833	0.029
0.0778274	0.021
0.309646	0.064
0.360932	0.084
0.199357	0.039
0.0329502	0.021
0.605058	0.212
0.0563976	0.021
0.0940876	0.021
0.138963	0.029
0.203537	0.039
0.238364	0.05
0.419577	0.117
0.160294	0.039
0.0608272	0.021
0.609627	0.212
0.0675115	0.021
0.253478	0.05
0.312728	0.064
0.113138	0.029
0.150221	0.029
0.0762676	0.021
0.2066	0.039
0.224459	0.05
0.384005	0.084
0.229803	0.05
0.26036	0.05
0.278753	0.064
0.106272	0.029
0.460133	0.124
0.765304	0.703
0.0894836	0.021
0.164509	0.039
0.0782663	0.021
0.065857	0.021
0.251675	0.05
0.41047	0.117
0.210047	0.039
0.078441	0.021
0.131112	0.029
0.137952	0.029
0.08002	0.021
0.109022	0.029
0.0615985	0.021
0.129499	0.029
0.501131	0.124
0.797724	0.703
0.554775	0.161
0.378286	0.084
0.035789	0.021
0.0441641	0.021
0.0550343	0.021
0.0441641	0.021
0.235504	0.05
0.143029	0.029
0.0538022	0.021
0.406734	0.117
0.188063	0.039
0.173828	0.039
0.214107	0.05
0.0824243	0.021
0.371445	0.084
0.853926	0.582
0.129798	0.029
0.0533926	0.021
0.450578	0.124
0.392843	0.117
0.0891506	0.021
0.171538	0.039
0.232955	0.05
0.342202	0.084
0.370455	0.084
0.575822	0.212
0.0352487	0.021
0.246483	0.05
0.035839	0.021
0.196503	0.039
0.18939	0.039
0.512525	0.161
0.193234	0.039
0.203777	0.039
0.180919	0.039
0.0617733	0.021
0.136019	0.029
0.150149	0.029
0.0795099	0.021
0.374212	0.084
0.17764	0.039
0.074967	0.021
0.725924	0.394
0.170477	0.039
0.0389797	0.021
0.0436628	0.021
0.139502	0.029
0.642602	0.261
0.315739	0.064
0.146427	0.029
0.716889	0.394
0.130722	0.029
0.175759	0.039
0.0917749	0.021
0.0672404	0.021
0.159995	0.039
0.135755	0.029
0.0497989	0.021
0.276445	0.064
0.204356	0.039
0.0974563	0.029
0.560802	0.161
0.262059	0.05
0.413433	0.117
0.0565797	0.021
0.268633	0.05
0.602249	0.212
0.112321	0.029
0.0836939	0.021
0.0519984	0.021
0.0756042	0.021
0.0975642	0.029
0.0662585	0.021
0.166118	0.039
0.122006	0.029
0.868337	0.582
0.103751	0.029
0.607919	0.212
0.25069	0.05
0.0831683	0.021
0.279198	0.064
0.638704	0.261
0.253448	0.05
0.166074	0.039
0.0650058	0.021
0.195154	0.039
0.0612229	0.021
0.479244	0.124
0.217137	0.05
0.0988645	0.029
0.243672	0.05
0.513384	0.161
0.114075	0.029
0.24999	0.05
0.120613	0.029
0.0670978	0.021
0.320251	0.064
0.151957	0.039
0.429326	0.117
0.283973	0.064
0.106372	0.029
0.12893	0.029
0.31923	0.064
0.0829389	0.021
0.792058	0.703
0.175839	0.039
0.105156	0.029
0.0917481	0.021
0.230758	0.05
0.113508	0.029
0.224392	0.05
0.116663	0.029
0.255609	0.05
0.122	0.029
0.0814125	0.021
0.56633	0.161
0.458349	0.124
0.534268	0.161
0.0816309	0.021
0.105313	0.029
0.0961685	0.029
0.331525	0.084
0.0930504	0.021
0.142981	0.029
0.20841	0.039
0.235263	0.05
0.137941	0.029
0.301054	0.064
0.538813	0.161
0.134692	0.029
0.460986	0.124
0.205051	0.039
0.110422	0.029
0.0943655	0.021
0.217312	0.05
0.14135	0.029
0.290832	0.064
0.763274	0.703
0.653713	0.261
0.406815	0.117
0.0967395	0.029
0.234526	0.05
0.118839	0.029
0.135652	0.029
0.0953742	0.029
0.533322	0.161
0.11548	0.029
0.395829	0.117
0.10558	0.029
0.323699	0.064
0.856593	0.582
0.930339	0.659
0.273572	0.064
0.10988	0.029
0.521291	0.161
0.280422	0.064
0.244985	0.05
0.258759	0.05
0.165605	0.039
0.109072	0.029
0.124223	0.029
0.302069	0.064
0.107167	0.029
0.214888	0.05
0.208256	0.039
0.505101	0.124
0.126004	0.029
0.482217	0.124
0.774677	0.703
0.314153	0.064
0.119321	0.029
0.142134	0.029
0.345465	0.084
0.385569	0.084
0.385164	0.084
0.134646	0.029
0.115773	0.029
0.185846	0.039
0.160815	0.039
0.322512	0.064
0.217554	0.05
0.201065	0.039
0.152634	0.039
0.283334	0.064
0.213387	0.05
0.403974	0.117
0.44885	0.117
0.980237	0.659
0.130858	0.029
0.171216	0.039
0.13721	0.029
0.242909	0.05
0.125428	0.029
0.160281	0.039
0.440849	0.117
0.31047	0.064
0.86588	0.582
0.426718	0.117
0.187609	0.039
0.209618	0.039
0.185303	0.039
0.215204	0.05
0.273901	0.064
0.252432	0.05
0.138409	0.029
0.300524	0.064
0.210535	0.039
0.290561	0.064
0.160761	0.039
0.569381	0.212
0.248514	0.05
0.576105	0.212
0.162426	0.039
0.324749	0.064
0.383299	0.084
0.240558	0.05
0.149739	0.029
0.161122	0.039
0.188269	0.039
0.166776	0.039
0.885919	0.621
0.143909	0.029
0.328308	0.064
0.147825	0.029
0.160442	0.039
0.147665	0.029
0.384296	0.084
0.159559	0.039
0.1552	0.039
0.729563	0.394
0.401092	0.117
0.265504	0.05
0.149733	0.029
0.170071	0.039
0.535797	0.161
0.329541	0.064
0.174578	0.039
0.980583	0.659
0.394185	0.117
0.645258	0.261
0.475599	0.124
0.27772	0.064
0.201622	0.039
0.370622	0.084
0.47089	0.124
0.280801	0.064
0.259917	0.05
0.213284	0.05
0.997934	0.744
0.175142	0.039
0.571331	0.212
0.275233	0.064
0.397726	0.117
0.169678	0.039
0.18061	0.039
0.626319	0.212
0.16568	0.039
0.449288	0.117
0.165506	0.039
0.176686	0.039
0.188377	0.039
0.314565	0.064
0.231106	0.05
0.169932	0.039
0.431819	0.117
0.23524	0.05
0.36542	0.084
0.451451	0.124
0.379545	0.084
0.196387	0.039
0.178614	0.039
0.189281	0.039
0.227361	0.05
0.329313	0.064
0.503486	0.124
0.273995	0.064
0.190434	0.039
0.399172	0.117
0.305384	0.064
0.496892	0.124
0.889634	0.621
0.1889	0.039
0.251819	0.05
0.307894	0.064
0.213618	0.05
0.512435	0.161
0.387454	0.084
0.27836	0.064
0.185118	0.039
0.354924	0.084
0.583727	0.212
0.21702	0.05
0.3807	0.084
0.251968	0.05
0.241305	0.05
0.254336	0.05
0.251051	0.05
0.209605	0.039
0.201855	0.039
0.28638	0.064
0.261133	0.05
0.346164	0.084
0.286111	0.064
0.202992	0.039
0.229339	0.05
0.191965	0.039
0.233556	0.05
0.62872	0.212
0.201006	0.039
0.438479	0.117
0.371216	0.084
0.288086	0.064
0.195139	0.039
0.388481	0.084
0.216784	0.05
0.200981	0.039
0.255159	0.05
0.266018	0.05
0.200043	0.039
0.202017	0.039
0.233435	0.05
0.55714	0.161
0.334263	0.084
0.213736	0.05
0.29464	0.064
0.62998	0.261
0.209556	0.039
0.203664	0.039
0.432019	0.117
0.340278	0.084
0.374824	0.084
0.263722	0.05
0.208479	0.039
0.310915	0.064
0.281512	0.064
0.406997	0.117
0.404322	0.117
0.287983	0.064
0.690602	0.394
0.615937	0.212
0.607671	0.212
0.280409	0.064
0.229737	0.05
0.272919	0.064
0.262868	0.05
0.492525	0.124
0.25387	0.05
0.893147	0.621
0.220414	0.05
0.400999	0.117
0.224117	0.05
0.241887	0.05
0.469976	0.124
0.778297	0.703
0.247395	0.05
0.27251	0.064
0.229796	0.05
0.259224	0.05
0.599929	0.212
0.335007	0.084
0.238911	0.05
0.320297	0.064
0.411182	0.117
0.960298	0.659
0.793058	0.703
0.229477	0.05
0.938614	0.659
0.640179	0.261
0.253339	0.05
0.231577	0.05
0.449343	0.117
0.688286	0.261
0.236718	0.05
0.990573	0.744
0.861892	0.582
0.359448	0.084
0.320614	0.064
0.300825	0.064
0.405339	0.117
0.439323	0.117
0.244907	0.05
0.287668	0.064
0.675593	0.261
0.422151	0.117
0.627621	0.212
0.307349	0.064
0.257345	0.05
0.337162	0.084
0.364593	0.084
0.329678	0.064
0.29454	0.064
0.31545	0.064
0.274774	0.064
0.250442	0.05
0.692901	0.394
0.294171	0.064
0.275545	0.064
0.384085	0.084
0.353152	0.084
0.268093	0.05
0.414107	0.117
0.285256	0.064
0.668574	0.261
0.259099	0.05
0.351494	0.084
0.260549	0.05
0.266194	0.05
0.275844	0.064
0.274428	0.064
0.303181	0.064
0.410147	0.117
0.624883	0.212
0.277644	0.064
0.500148	0.124
0.295327	0.064
0.303937	0.064
0.302281	0.064
0.355571	0.084
0.274994	0.064
0.940468	0.659
0.2871	0.064
0.278228	0.064
0.315437	0.064
0.995148	0.744
0.348231	0.084
0.299342	0.064
0.400573	0.117
0.970013	0.659
0.29805	0.064
0.349738	0.084
0.845909	0.582
0.339315	0.084
0.990283	0.744
0.316838	0.064
0.431495	0.117
0.447052	0.117
0.295899	0.064
0.401216	0.117
0.436553	0.117
0.309304	0.064
0.354208	0.084
0.328862	0.064
0.931657	0.659
0.488758	0.124
0.30251	0.064
0.351278	0.084
0.338491	0.084
0.365803	0.084
0.326223	0.064
0.527456	0.161
0.344293	0.084
0.412282	0.117
0.306848	0.064
0.481716	0.124
0.374103	0.084
0.486388	0.124
0.361087	0.084
0.718766	0.394
0.311524	0.064
0.534323	0.161
0.317311	0.064
0.483544	0.124
0.383894	0.084
0.375418	0.084
0.317514	0.064
0.457887	0.124
0.969843	0.659
0.792948	0.703
0.335318	0.084
0.336145	0.084
0.724537	0.394
0.457583	0.124
0.340681	0.084
0.329588	0.064
0.422794	0.117
0.342783	0.084
0.450955	0.124
0.385869	0.084
0.334532	0.084
0.355008	0.084
0.821786	0.582
0.446633	0.117
0.558413	0.161
0.89293	0.621
0.350567	0.084
0.523656	0.161
0.342011	0.084
0.40281	0.117
0.361155	0.084
0.361575	0.084
0.363078	0.084
0.535004	0.161
0.354277	0.084
0.866009	0.582
0.477046	0.124
0.374492	0.084
0.677576	0.261
0.549475	0.161
0.465434	0.124
0.861408	0.582
0.360972	0.084
0.713425	0.394
0.44106	0.117
0.997376	0.744
0.367791	0.084
0.548124	0.161
0.543377	0.161
0.382257	0.084
0.709307	0.394
0.370335	0.084
0.375989	0.084
0.450407	0.124
0.792008	0.703
0.871391	0.621
0.438016	0.117
0.900363	0.621
0.389723	0.084
0.446494	0.117
0.499601	0.124
0.464658	0.124
0.458761	0.124
0.41345	0.117
0.55892	0.161
0.672466	0.261
0.533291	0.161
0.384205	0.084
0.428649	0.117
0.476282	0.124
0.437157	0.117
0.464621	0.124
0.444062	0.117
0.407097	0.117
0.705948	0.394
0.52957	0.161
0.390676	0.117
0.788762	0.703
0.775677	0.703
0.701225	0.394
0.948639	0.659
0.990953	0.744
0.424144	0.117
0.450928	0.124
0.439967	0.117
0.398642	0.117
0.552202	0.161
0.562805	0.161
0.577295	0.212
0.471608	0.124
0.517172	0.161
0.426069	0.117
0.404424	0.117
0.595926	0.212
0.445928	0.117
0.441511	0.117
0.607882	0.212
0.58936	0.212
0.451827	0.124
0.529292	0.161
0.64579	0.261
0.440417	0.117
0.510151	0.161
0.445237	0.117
0.555924	0.161
0.42365	0.117
0.460686	0.124
0.42584	0.117
0.572947	0.212
0.472354	0.124
0.42616	0.117
0.443986	0.117
0.505099	0.124
0.444662	0.117
0.980654	0.659
0.469419	0.124
0.524541	0.161
0.494462	0.124
0.468307	0.124
0.841621	0.582
0.455398	0.124
0.456587	0.124
0.523264	0.161
0.578963	0.212
0.443633	0.117
0.538373	0.161
0.58552	0.212
0.550747	0.161
0.598144	0.212
0.598722	0.212
0.506465	0.124
0.45809	0.124
0.532179	0.161
0.879464	0.621
0.461638	0.124
0.477001	0.124
0.54698	0.161
0.518544	0.161
0.565284	0.161
0.618591	0.212
0.497626	0.124
0.58539	0.212
0.46308	0.124
0.498464	0.124
0.581454	0.212
0.467275	0.124
0.517197	0.161
0.493888	0.124
0.558614	0.161
0.55963	0.161
0.54764	0.161
0.691316	0.394
0.613526	0.212
0.530199	0.161
0.478329	0.124
0.525594	0.161
0.616293	0.212
0.500176	0.124
0.508462	0.124
0.527852	0.161
0.545385	0.161
0.744232	0.394
0.77756	0.703
0.806736	0.703
0.50439	0.124
0.478836	0.124
0.509719	0.161
0.69626	0.394
0.653472	0.261
0.581118	0.212
0.493062	0.124
0.518358	0.161
0.714513	0.394
0.531202	0.161
0.620374	0.212
0.868329	0.582
0.507851	0.124
0.668875	0.261
0.605098	0.212
0.51531	0.161
0.652633	0.261
0.540355	0.161
0.502798	0.124
0.618595	0.212
0.993197	0.744
0.612905	0.212
0.696194	0.394
0.509865	0.161
0.666461	0.261
0.723041	0.394
0.733149	0.394
0.514737	0.161
0.550607	0.161
0.608905	0.212
0.685601	0.261
0.940872	0.659
0.644618	0.261
0.633322	0.261
0.519316	0.161
0.525965	0.161
0.798951	0.703
0.872388	0.621
0.880813	0.621
0.636548	0.261
0.710957	0.394
0.529253	0.161
0.660594	0.261
0.529828	0.161
0.540154	0.161
0.591078	0.212
0.847751	0.582
0.723799	0.394
0.599013	0.212
0.685204	0.261
0.637387	0.261
0.976146	0.659
0.662974	0.261
0.548368	0.161
0.670525	0.261
0.915265	0.621
0.927539	0.621
0.881975	0.559
0.782738	0.734
0.778391	0.734
0.869476	0.559
0.885641	0.559
0.613703	0.558
0.866844	0.559
0.781929	0.734
0.666908	0.769
0.768628	0.734
0.619529	0.558
0.516419	0.486
0.796737	0.734
0.485793	0.486
0.783803	0.734
0.462989	0.424
0.495287	0.486
0.455932	0.424
0.462334	0.424
0.580919	0.558
0.503634	0.486
0.600945	0.558
0.337773	0.429
0.336883	0.429
0.743053	0.734
0.45892	0.424
0.903403	0.559
0.470858	0.424
0.526316	0.486
0.287757	0.209
0.331109	0.429
0.269605	0.209
0.302578	0.209
0.502506	0.486
0.643316	0.558
0.679553	0.769
0.488234	0.486
0.221165	0.139
0.294214	0.209
0.615601	0.558
0.186798	0.139
0.810534	0.734
0.203287	0.139
0.749735	0.734
0.290293	0.209
0.132403	0.061
0.122076	0.061
0.342029	0.429
0.17537	0.139
0.114673	0.061
0.101143	0.061
0.239218	0.209
0.736731	0.769
0.138181	0.061
0.106658	0.061
0.868448	0.559
0.654002	0.558
0.132166	0.061
0.117979	0.061
0.703924	0.769
0.570533	0.558
0.0880243	0.061
0.0613342	0.061
0.0997455	0.061
0.420213	0.424
0.177195	0.139
0.392288	0.429
0.885387	0.559
0.865006	0.559
0.0773205	0.061
0.477855	0.424
0.621679	0.558
0.0672515	0.061
0.301013	0.209
0.906953	0.559
0.0852801	0.061
0.673815	0.769
0.449795	0.424
0.215811	0.139
0.322404	0.429
0.108955	0.061
0.0811896	0.061
0.452506	0.424
0.165885	0.139
0.273767	0.209
0.515089	0.486
0.187436	0.139
0.227527	0.209
0.171787	0.139
0.209633	0.139
0.406313	0.424
0.642911	0.558
0.193111	0.139
0.199359	0.139
0.170215	0.139
0.244738	0.209
0.46124	0.424
0.20099	0.139
0.344098	0.429
0.210399	0.139
0.289979	0.209
0.195683	0.139
0.250381	0.209
0.226986	0.209
0.304247	0.209
0.328945	0.429
0.219354	0.139
0.863052	0.559
0.279183	0.209
0.556431	0.486
0.468615	0.424
0.575545	0.558
0.244067	0.209
0.360243	0.429
0.305777	0.209
0.281117	0.209
0.518162	0.486
0.739741	0.769
0.606778	0.558
0.726828	0.769
0.477363	0.424
0.512156	0.486
0.659952	0.769
0.772365	0.734
0.455777	0.424
0.890405	0.559
0.557752	0.486
0.822014	0.734
0.896218	0.559
0.678435	0.769
0.631926	0.558
0.828168	0.734
0.722614	0.769
0.716955	0.769
0.767279	0.734
0.861598	0.559
0.844784	0.559
0.871052	0.559
0.820757	0.734
0.856742	0.559
0.869107	0.559
0.90475	0.559
0.778397	0.486
0.73545	0.28
0.610492	0.251
0.641588	0.251
0.556186	0.251
0.500072	0.091
0.517565	0.091
0.75899	0.28
0.642181	0.251
0.426126	0.091
0.868944	0.486
0.395204	0.079
0.568369	0.251
0.430319	0.091
0.382335	0.079
0.347193	0.079
0.447036	0.091
0.452773	0.091
0.334043	0.079
0.449755	0.091
0.729367	0.28
0.513307	0.091
0.288142	0.045
0.27941	0.045
0.492329	0.091
0.250404	0.045
0.241664	0.045
0.283644	0.045
0.226686	0.045
0.50205	0.091
0.351408	0.079
0.209319	0.045
0.196118	0.045
0.245231	0.045
0.200908	0.045
0.750504	0.28
0.186877	0.019
0.180219	0.019
0.181973	0.019
0.186933	0.019
0.219156	0.045
0.192457	0.045
0.310412	0.079
0.153026	0.019
0.14045	0.019
0.753355	0.28
0.230337	0.045
0.266305	0.045
0.523928	0.091
0.42882	0.091
0.389381	0.079
0.138001	0.019
0.0856366	0.019
0.30891	0.079
0.489301	0.091
0.0903758	0.019
0.283311	0.045
0.318107	0.079
0.0721096	0.019
0.418239	0.079
0.512687	0.091
0.0913738	0.019
0.0989335	0.019
0.144547	0.019
0.115307	0.019
0.146839	0.019
0.215851	0.045
0.084341	0.019
0.17446	0.019
0.376061	0.079
0.157962	0.019
0.701627	0.28
0.132474	0.019
0.430063	0.091
0.209203	0.045
0.220232	0.045
0.485107	0.091
0.0962854	0.019
0.117156	0.019
0.132305	0.019
0.279212	0.045
0.263236	0.045
0.223047	0.045
0.151885	0.019
0.580447	0.251
0.103099	0.019
0.0905735	0.019
0.0762112	0.019
0.115042	0.019
0.123138	0.019
0.130783	0.019
0.116646	0.019
0.149944	0.019
0.13384	0.019
0.10794	0.019
0.159334	0.019
0.123727	0.019
0.199802	0.045
0.431054	0.091
0.172613	0.019
0.200994	0.045
0.178246	0.019
0.161668	0.019
0.144688	0.019
0.224848	0.045
0.218923	0.045
0.15246	0.019
0.359108	0.079
0.224228	0.045
0.793094	0.486
0.403841	0.079
0.215997	0.045
0.304929	0.045
0.449185	0.091
0.213958	0.045
0.222173	0.045
0.81258	0.486
0.381329	0.079
0.482779	0.091
0.33959	0.079
0.334652	0.079
0.393279	0.079
0.272632	0.045
0.310261	0.079
0.28702	0.045
0.51412	0.091
0.367564	0.079
0.508409	0.091
0.44596	0.091
0.408592	0.079
0.351888	0.079
0.415923	0.079
0.364996	0.079
0.362654	0.079
0.417448	0.079
0.407575	0.079
0.414386	0.079
0.421575	0.091
0.479111	0.091
0.640096	0.251
0.448055	0.091
0.456418	0.091
0.496686	0.091
0.740367	0.28
0.667398	0.28
0.523298	0.091
0.514403	0.091
0.725924	0.28
0.808359	0.486
0.564669	0.251
0.568493	0.251
0.691758	0.28
0.71047	0.28
0.643583	0.251
0.598441	0.251
0.697361	0.28
0.631945	0.251
0.630134	0.251
0.794272	0.486
0.74589	0.28
0.80789	0.486
0.877704	0.486

