Vmag Rad      v v_err ngc
20.73 7.00 -61.0 5.0 N
21.74 5.93 959.0 23.7 Y
21.41 8.89 -58.0 8.0 N
21.52 10.24 -68.3 14.2 N
20.43 13.35 15.3 14.1 N
21.80 6.46 130.4 25.4 N
20.45 10.33 76.1 33.6 N
21.15 7.84 49.5 43.4 N
21.27 12.85 -122.8 36.6 N
21.72 11.98 286.0 21.2 N
21.41 7.32 16.0 10.0 N
20.15 13.30 -87.5 20.6 N
19.92 13.71 1160.3 10.9 Y
20.75 12.12 205.2 19.8 N
21.56 20.62 -73.4 13.2 N
21.05 9.55 801.4 9.9 Y
22.20 17.63 -0.6 29.0 N
19.71 8.87 129.0 4.0 N
20.18 14.33 -21.7 12.2 N
19.21 11.60 14.5 6.4 N
19.12 9.48 -35.9 8.8 N
20.84 16.58 182.4 14.8 N
22.50 10.04 -85.0 22.1 N
19.81 10.45 223.0 14.8 N
19.66 15.51 43.6 17.5 N
19.70 18.58 166.0 19.4 N
19.15 13.43 27.0 2.0 N
21.63 18.22 -20.9 36.9 N
21.18 10.91 157.6 32.4 N
21.91 11.80 90.5 27.2 N
21.38 11.69 53.2 21.9 N
20.97 19.40 225.3 19.9 N
21.77 12.91 688.2 15.8 Y
21.89 19.77 -11.5 30.9 N
21.12 12.43 14.2 15.3 N
20.38 19.53 134.9 8.8 N
19.66 12.39 43.2 10.5 N
20.28 16.78 139.4 17.6 N
20.19 13.23 226.8 11.0 N
21.43 13.25 512.6 18.5 N
21.42 13.26 101.7 11.9 N
20.63 15.99 152.4 20.2 N
21.69 13.35 777.1 20.4 Y
20.47 16.80 -34.8 32.5 N
21.33 20.47 -101.2 21.5 N
20.80 19.84 -143.3 15.0 N
20.44 13.66 86.0 7.0 N
19.29 19.75 120.4 10.2 N
20.92 17.83 220.7 17.1 N
21.34 15.60 885.8 18.8 Y
20.53 15.58 71.2 12.8 N
21.79 15.89 56.1 24.0 N
21.52 19.43 910.7 16.7 Y
20.36 15.33 108.7 9.2 N
22.43 17.64 184.3 48.9 N
22.40 20.52 187.2 33.2 N
20.11 20.37 111.6 7.4 N
21.09 14.28 964.0 10.0 Y
20.03 12.28 89.0 5.0 N
20.55 13.68 -79.7 10.7 N
21.91 14.63 -22.2 14.0 N
20.20 13.47 138.0 4.0 N
20.00 11.35 158.0 7.0 N
20.18 19.03 282.1 9.9 N
21.15 12.08 1098.0 10.0 Y
22.95 21.39 97.4 22.6 N
21.22 9.90 217.9 16.5 N
21.38 15.27 279.6 12.3 N
21.84 6.95 -119.7 23.8 N
21.09 8.90 112.0 11.0 N
20.93 10.63 -57.0 14.0 N
20.96 18.74 -42.4 21.3 N
22.50 19.78 116.9 16.7 N
21.85 18.44 129.8 23.8 N
20.55 8.76 1007.1 10.3 Y
21.72 17.49 120.4 28.7 N
21.19 17.76 225.0 8.7 N
21.06 13.01 153.0 5.0 N
20.34 7.03 669.2 14.4 Y
20.04 5.84 213.0 4.0 N
21.70 9.08 981.6 23.2 Y
19.58 5.49 78.0 3.0 N
21.89 5.60 851.2 16.3 Y
21.21 5.15 -29.0 12.0 N
20.75 11.38 31.0 8.0 N
22.54 18.06 -95.2 20.2 N
20.94 5.24 752.0 4.0 N
21.82 5.71 1064.0 11.0 Y
21.91 3.79 12.0 14.0 N
21.93 3.78 861.0 45.0 N
22.74 8.49 277.0 53.5 N
20.18 5.21 36.0 11.0 N
21.22 10.32 283.3 13.9 N
22.06 16.33 304.8 21.1 N
21.62 11.37 96.7 14.2 N
20.97 3.22 950.9 6.0 Y
21.17 3.73 -78.0 10.0 N
21.02 3.40 652.9 5.8 Y
22.06 5.72 999.9 40.1 Y
19.83 5.56 129.0 3.0 N
21.89 2.46 957.0 61.0 Y
20.37 7.03 921.0 6.0 Y
20.47 2.27 1136.8 5.9 Y
21.14 8.57 1087.0 14.0 Y
22.00 15.36 -42.6 16.6 N
21.57 24.67 90.7 10.0 N
22.32 3.90 814.9 29.4 Y
20.68 12.61 222.1 7.7 N
20.97 1.97 955.2 3.9 Y
22.40 1.24 1066.0 32.0 Y
21.66 8.44 57.7 23.1 N
21.51 1.53 737.4 9.6 Y
20.51 17.14 300.6 18.3 N
21.83 1.16 975.7 14.5 Y
19.16 9.95 51.0 2.0 N
21.85 1.47 888.2 6.9 Y
21.27 1.31 1188.0 6.0 Y
20.87 10.78 725.0 19.0 Y
21.00 14.28 34.1 16.2 N
21.25 0.67 759.1 8.7 Y
20.74 16.63 173.5 25.7 N
21.74 10.15 778.5 10.6 Y
20.24 9.92 -15.0 7.0 N
21.11 0.81 925.9 4.9 Y
21.14 3.71 916.1 16.4 Y
21.10 5.20 419.9 17.1 N
22.77 3.17 804.0 43.0 Y
21.53 2.45 147.0 7.0 N
21.97 2.28 999.0 14.0 Y
21.18 2.35 1048.0 4.0 Y
21.14 5.32 332.0 6.0 N
21.67 3.98 739.0 6.0 Y
20.25 2.48 1247.9 7.3 Y
21.81 3.37 933.0 27.0 Y
20.10 2.32 42.0 7.0 N
21.57 2.67 951.0 8.0 Y
20.06 3.54 899.0 5.0 Y
20.45 14.34 10.2 11.1 N
21.19 9.91 28.3 22.4 N
21.78 3.26 1027.0 13.0 Y
20.12 14.21 4.4 12.2 N
21.14 6.41 1033.7 10.4 Y
20.39 5.41 93.0 9.0 N
21.34 6.63 280.0 8.0 N
20.86 4.18 1130.0 5.0 Y
20.25 3.29 102.0 6.0 N
20.16 9.74 -34.0 14.0 N
21.34 9.68 -102.0 10.0 N
21.60 8.49 739.0 17.0 N
21.35 8.96 577.0 13.0 N
21.98 7.80 704.0 11.0 N
21.15 6.98 878.0 11.0 N
20.97 7.43 672.0 4.0 N
21.06 8.04 204.0 8.0 N
21.89 6.45 874.0 8.0 N
21.87 6.62 847.0 17.0 N
21.59 6.37 908.0 6.0 N
21.19 7.34 133.0 6.0 N
21.25 6.25 792.0 9.0 N
