# File generated by CMD 2.8 (http://stev.oapd.inaf.it/cmd) on Thu Jun 16 21:40:00 CEST 2016
# PARSEC isochrones, release v1.2S
# Basic references: Bressan et al. (2012), MNRAS, 427, 127 + Chen et al. (2014, 2015), MNRAS, 444, 2525 + MNRAS, 452, 1068 + Tang et al. (2014), MNRAS, 445, 4287
# Warning: you choose not to include the TP-AGB phase!
# Photometric system: <i>UBVRIJHK</i> (cf. Maiz-Apellaniz 2006 + Bessell 1990)
# Using NBC version of bolometric corrections as in Chen et al. (2014), MNRAS, 444, 2525
# BCs of Carbon stars derive from Aringer et al. (2009, A&A 503, 913)
# O-rich circumstellar dust ignored
# C-rich circumstellar dust ignored
# IMF: Chabrier (2001) lognormal 
# On RGB, assumed Reimers mass loss with efficiency eta=0.2
# Kind of output: SSP integrated magnitudes
#	Z	Age		mbol    U       B       V       R       I       J       H       K
Z   Age     mbol    U       B       V       R       I       J       H       K
	0.0028	1.00e+06	-0.426	1.438	2.312	2.427	2.402	2.335	2.147	1.821	1.753
	0.0028	1.12e+06	-0.433	1.431	2.313	2.439	2.426	2.373	2.211	1.904	1.838
	0.0028	1.26e+06	-0.447	1.420	2.310	2.446	2.444	2.405	2.269	1.980	1.916
	0.0028	1.41e+06	-0.458	1.412	2.307	2.453	2.461	2.435	2.324	2.054	1.993
	0.0028	1.58e+06	-0.474	1.402	2.302	2.458	2.475	2.463	2.378	2.126	2.070
	0.0028	1.78e+06	-0.491	1.383	2.291	2.454	2.481	2.481	2.423	2.191	2.139
	0.0028	2.00e+06	-0.510	1.359	2.273	2.445	2.481	2.494	2.464	2.253	2.206
	0.0028	2.24e+06	-0.535	1.322	2.244	2.425	2.469	2.496	2.495	2.305	2.264
	0.0028	2.51e+06	-0.562	1.262	2.192	2.381	2.434	2.475	2.507	2.342	2.309
	0.0028	2.82e+06	-0.595	1.122	2.010	2.187	2.237	2.280	2.336	2.209	2.188
	0.0028	3.16e+06	-0.628	1.048	1.861	1.994	2.014	2.022	2.027	1.904	1.883
	0.0028	3.55e+06	-0.624	1.045	1.847	1.890	1.824	1.730	1.548	1.308	1.263
	0.0028	3.98e+06	-0.605	1.023	1.717	1.622	1.463	1.277	0.982	0.711	0.656
	0.0028	4.47e+06	-0.567	1.009	1.673	1.609	1.485	1.337	1.110	0.901	0.853
	0.0028	5.01e+06	-0.534	0.967	1.639	1.613	1.515	1.395	1.206	1.012	0.970
	0.0028	5.62e+06	-0.496	0.918	1.647	1.701	1.659	1.599	1.496	1.331	1.300
	0.0028	6.31e+06	-0.434	0.955	1.723	1.812	1.791	1.749	1.656	1.458	1.428
	0.0028	7.08e+06	-0.375	0.970	1.772	1.902	1.918	1.922	1.908	1.747	1.727
	0.0028	7.94e+06	-0.323	0.964	1.746	1.869	1.881	1.883	1.872	1.718	1.700
	0.0028	8.91e+06	-0.252	0.972	1.735	1.866	1.892	1.913	1.946	1.827	1.817
	0.0028	1.00e+07	-0.149	1.055	1.820	1.965	2.005	2.043	2.106	1.998	1.991
	0.0028	1.12e+07	-0.049	1.140	1.889	2.025	2.055	2.079	2.099	1.949	1.931
	0.0028	1.26e+07	0.034	1.206	1.946	2.067	2.087	2.100	2.111	1.975	1.959
	0.0028	1.41e+07	0.117	1.274	2.006	2.072	2.037	1.983	1.865	1.637	1.604
	0.0028	1.58e+07	0.210	1.359	2.087	2.127	2.039	1.906	1.584	1.157	1.097
	0.0028	1.78e+07	0.321	1.431	2.126	2.159	2.051	1.883	1.466	0.944	0.863
	0.0028	2.00e+07	0.423	1.477	2.025	2.018	1.892	1.707	1.282	0.777	0.698
	0.0028	2.24e+07	0.523	1.592	2.094	2.046	1.893	1.684	1.236	0.737	0.660
	0.0028	2.51e+07	0.617	1.665	2.158	2.088	1.921	1.702	1.245	0.747	0.671
	0.0028	2.82e+07	0.713	1.724	2.216	2.138	1.965	1.740	1.277	0.771	0.697
	0.0028	3.16e+07	0.821	1.798	2.300	2.231	2.063	1.844	1.389	0.883	0.811
	0.0028	3.55e+07	0.912	1.845	2.318	2.250	2.088	1.876	1.434	0.937	0.867
	0.0028	3.98e+07	1.013	1.908	2.364	2.299	2.145	1.941	1.516	1.032	0.965
	0.0028	4.47e+07	1.111	1.982	2.418	2.342	2.184	1.977	1.552	1.071	1.005
	0.0028	5.01e+07	1.218	2.064	2.490	2.409	2.250	2.044	1.624	1.148	1.084
	0.0028	5.62e+07	1.313	2.126	2.530	2.443	2.282	2.077	1.663	1.195	1.133
	0.0028	6.31e+07	1.414	2.196	2.584	2.492	2.332	2.129	1.723	1.264	1.203
	0.0028	7.08e+07	1.518	2.279	2.656	2.556	2.393	2.189	1.785	1.331	1.271
	0.0028	7.94e+07	1.615	2.358	2.722	2.605	2.432	2.220	1.809	1.357	1.296
	0.0028	8.91e+07	1.711	2.430	2.779	2.654	2.476	2.261	1.846	1.393	1.331
	0.0028	1.00e+08	1.812	2.507	2.843	2.712	2.532	2.314	1.897	1.442	1.379
	0.0028	1.12e+08	1.915	2.583	2.904	2.769	2.589	2.372	1.959	1.508	1.446
	0.0028	1.26e+08	2.018	2.659	2.965	2.829	2.650	2.434	2.024	1.577	1.515
	0.0028	1.41e+08	2.120	2.735	3.024	2.886	2.707	2.492	2.086	1.642	1.579
	0.0028	1.58e+08	2.223	2.812	3.084	2.944	2.766	2.552	2.149	1.708	1.645
	0.0028	1.78e+08	2.327	2.890	3.143	3.003	2.828	2.617	2.218	1.781	1.717
	0.0028	2.00e+08	2.430	2.968	3.202	3.061	2.888	2.680	2.288	1.857	1.793
	0.0028	2.24e+08	2.531	3.048	3.263	3.116	2.941	2.734	2.347	1.923	1.859
	0.0028	2.51e+08	2.634	3.134	3.333	3.176	2.999	2.790	2.406	1.987	1.924
	0.0028	2.82e+08	2.735	3.227	3.411	3.240	3.054	2.838	2.449	2.031	1.967
	0.0028	3.16e+08	2.838	3.322	3.491	3.307	3.113	2.891	2.499	2.084	2.021
	0.0028	3.55e+08	2.944	3.425	3.578	3.382	3.180	2.951	2.554	2.140	2.076
	0.0028	3.98e+08	3.049	3.531	3.663	3.455	3.246	3.011	2.607	2.190	2.127
	0.0028	4.47e+08	3.152	3.634	3.742	3.520	3.305	3.066	2.657	2.243	2.181
	0.0028	5.01e+08	3.253	3.744	3.824	3.582	3.357	3.110	2.696	2.286	2.226
	0.0028	5.62e+08	3.378	3.875	3.933	3.682	3.453	3.201	2.780	2.364	2.303
	0.0028	6.31e+08	3.505	3.998	4.035	3.779	3.549	3.299	2.882	2.472	2.412
	0.0028	7.08e+08	3.624	4.117	4.134	3.866	3.635	3.384	2.974	2.577	2.519
	0.0028	7.94e+08	3.726	4.234	4.230	3.944	3.704	3.447	3.031	2.634	2.577
	0.0028	8.91e+08	3.844	4.358	4.339	4.038	3.793	3.534	3.120	2.730	2.675
	0.0028	1.00e+09	3.952	4.475	4.444	4.124	3.871	3.607	3.194	2.812	2.758
	0.0028	1.12e+09	4.061	4.599	4.559	4.219	3.956	3.685	3.268	2.887	2.833
	0.0028	1.26e+09	4.150	4.714	4.669	4.302	4.023	3.741	3.311	2.923	2.868
	0.0028	1.41e+09	4.155	4.809	4.748	4.325	4.010	3.697	3.225	2.802	2.744
	0.0028	1.58e+09	3.590	4.754	4.559	3.911	3.455	3.027	2.381	1.817	1.744
	0.0028	1.78e+09	4.345	5.167	5.087	4.585	4.212	3.847	3.285	2.773	2.702
	0.0028	2.00e+09	4.428	5.302	5.225	4.690	4.295	3.913	3.329	2.799	2.726
	0.0028	2.24e+09	4.530	5.448	5.376	4.811	4.397	4.000	3.398	2.855	2.779
	0.0028	2.51e+09	4.592	5.571	5.496	4.894	4.457	4.044	3.424	2.868	2.790
	0.0028	2.82e+09	4.597	5.678	5.583	4.931	4.465	4.031	3.383	2.808	2.727
	0.0028	3.16e+09	4.721	5.815	5.721	5.060	4.590	4.152	3.500	2.923	2.841
	0.0028	3.55e+09	4.847	5.954	5.864	5.193	4.717	4.275	3.617	3.037	2.953
	0.0028	3.98e+09	4.941	6.076	5.982	5.296	4.812	4.364	3.700	3.115	3.031
	0.0028	4.47e+09	5.061	6.223	6.125	5.427	4.935	4.480	3.809	3.218	3.132
	0.0028	5.01e+09	5.197	6.369	6.272	5.567	5.072	4.614	3.940	3.348	3.261
	0.0028	5.62e+09	5.288	6.493	6.387	5.668	5.164	4.701	4.019	3.423	3.335
	0.0028	6.31e+09	5.380	6.623	6.507	5.773	5.260	4.789	4.099	3.496	3.406
	0.0028	7.08e+09	5.478	6.754	6.628	5.880	5.360	4.884	4.186	3.580	3.488
	0.0028	7.94e+09	5.574	6.885	6.748	5.986	5.459	4.976	4.271	3.660	3.566
	0.0028	8.91e+09	5.667	7.016	6.866	6.091	5.556	5.067	4.354	3.738	3.642
	0.0028	1.00e+10	5.764	7.152	6.988	6.200	5.657	5.161	4.440	3.819	3.722
	0.0028	1.12e+10	5.847	7.275	7.097	6.295	5.744	5.242	4.513	3.886	3.787
	0.0028	1.26e+10	5.934	7.404	7.210	6.396	5.837	5.328	4.590	3.958	3.857
