Z	Age		mbol    U       B       V       R       I       J       H       K
	0.0080	1.00e+01	-2.000	3.133	0.930	-0.717	-1.685	-2.519	-3.619	-4.458	-4.619
	0.0080	1.12e+01	-1.992	3.132	0.932	-0.713	-1.680	-2.512	-3.611	-4.449	-4.610
	0.0080	1.26e+01	-1.984	3.129	0.934	-0.709	-1.674	-2.505	-3.603	-4.440	-4.600
	0.0080	1.41e+01	-1.974	3.127	0.937	-0.704	-1.668	-2.496	-3.593	-4.429	-4.589
	0.0080	1.58e+01	-1.965	3.125	0.939	-0.699	-1.661	-2.487	-3.582	-4.419	-4.578
	0.0080	1.78e+01	-1.954	3.121	0.942	-0.693	-1.654	-2.477	-3.570	-4.406	-4.564
	0.0080	2.00e+01	-1.942	3.118	0.945	-0.687	-1.645	-2.467	-3.558	-4.393	-4.551
	0.0080	2.24e+01	-1.929	3.114	0.948	-0.680	-1.636	-2.455	-3.544	-4.379	-4.536
	0.0080	2.51e+01	-1.916	3.109	0.951	-0.673	-1.627	-2.443	-3.530	-4.364	-4.519
	0.0080	2.82e+01	-1.900	3.106	0.956	-0.664	-1.615	-2.429	-3.513	-4.346	-4.501
	0.0080	3.16e+01	-1.884	3.101	0.961	-0.655	-1.603	-2.414	-3.496	-4.328	-4.482
	0.0080	3.55e+01	-1.866	3.095	0.965	-0.645	-1.591	-2.398	-3.477	-4.309	-4.461
	0.0080	3.98e+01	-1.847	3.090	0.970	-0.635	-1.577	-2.381	-3.457	-4.288	-4.438
	0.0080	4.47e+01	-1.826	3.083	0.975	-0.624	-1.563	-2.363	-3.435	-4.264	-4.414
	0.0080	5.01e+01	-1.805	3.075	0.981	-0.612	-1.548	-2.343	-3.412	-4.240	-4.388
	0.0080	5.62e+01	-1.781	3.068	0.987	-0.599	-1.531	-2.322	-3.387	-4.214	-4.361
	0.0080	6.31e+01	-1.757	3.060	0.994	-0.586	-1.514	-2.300	-3.361	-4.186	-4.331
	0.0080	7.08e+01	-1.730	3.052	1.002	-0.570	-1.494	-2.275	-3.332	-4.156	-4.299
	0.0080	7.94e+01	-1.702	3.042	1.009	-0.555	-1.474	-2.250	-3.302	-4.125	-4.266
	0.0080	8.91e+01	-1.672	3.032	1.018	-0.537	-1.452	-2.223	-3.270	-4.091	-4.231
	0.0080	1.00e+02	-1.641	3.020	1.027	-0.519	-1.429	-2.194	-3.237	-4.056	-4.194
	0.0080	1.12e+02	-1.608	3.006	1.036	-0.500	-1.404	-2.164	-3.201	-4.018	-4.154
	0.0080	1.26e+02	-1.573	2.992	1.046	-0.480	-1.379	-2.132	-3.164	-3.979	-4.113
	0.0080	1.41e+02	-1.536	2.978	1.056	-0.458	-1.351	-2.099	-3.125	-3.937	-4.069
	0.0080	1.58e+02	-1.498	2.962	1.068	-0.436	-1.323	-2.064	-3.084	-3.893	-4.024
	0.0080	1.78e+02	-1.458	2.945	1.080	-0.412	-1.293	-2.028	-3.041	-3.848	-3.976
	0.0080	2.00e+02	-1.417	2.928	1.092	-0.388	-1.262	-1.990	-2.997	-3.801	-3.927
	0.0080	2.24e+02	-1.375	2.910	1.106	-0.362	-1.229	-1.950	-2.951	-3.752	-3.876
	0.0080	2.51e+02	-1.331	2.889	1.119	-0.336	-1.196	-1.910	-2.904	-3.701	-3.823
	0.0080	2.82e+02	-1.285	2.865	1.132	-0.309	-1.162	-1.868	-2.855	-3.648	-3.769
	0.0080	3.16e+02	-1.239	2.837	1.145	-0.281	-1.126	-1.826	-2.805	-3.594	-3.713
	0.0080	3.55e+02	-1.192	2.804	1.157	-0.254	-1.091	-1.782	-2.754	-3.539	-3.656
	0.0080	3.98e+02	-1.145	2.763	1.167	-0.227	-1.055	-1.739	-2.703	-3.482	-3.598
	0.0080	4.47e+02	-1.097	2.713	1.173	-0.202	-1.019	-1.695	-2.650	-3.424	-3.538
	0.0080	5.01e+02	-1.051	2.654	1.173	-0.180	-0.986	-1.653	-2.599	-3.366	-3.479
	0.0080	5.62e+02	-1.006	2.588	1.169	-0.161	-0.954	-1.612	-2.547	-3.308	-3.419
	0.0080	6.31e+02	-0.964	2.514	1.157	-0.147	-0.927	-1.574	-2.498	-3.251	-3.360
	0.0080	7.08e+02	-0.926	2.424	1.134	-0.142	-0.905	-1.541	-2.452	-3.196	-3.303
	0.0080	7.94e+02	-0.893	2.310	1.095	-0.146	-0.891	-1.514	-2.409	-3.142	-3.248
	0.0080	8.91e+02	-0.867	2.164	1.036	-0.162	-0.884	-1.492	-2.369	-3.090	-3.194
	0.0080	1.00e+03	-0.845	1.913	0.937	-0.187	-0.880	-1.470	-2.328	-3.036	-3.139
	0.0080	1.12e+03	-0.818	1.639	0.877	-0.177	-0.847	-1.425	-2.270	-2.971	-3.072
	0.0080	1.26e+03	-0.785	1.381	0.817	-0.149	-0.796	-1.362	-2.198	-2.896	-2.996
	0.0080	1.41e+03	-0.749	1.208	0.784	-0.113	-0.740	-1.296	-2.124	-2.819	-2.918
	0.0080	1.58e+03	-0.713	1.093	0.765	-0.076	-0.686	-1.233	-2.053	-2.743	-2.841
	0.0080	1.78e+03	-0.680	1.010	0.758	-0.038	-0.632	-1.170	-1.982	-2.669	-2.766
	0.0080	2.00e+03	-0.648	0.954	0.763	0.003	-0.578	-1.108	-1.913	-2.595	-2.691
	0.0080	2.24e+03	-0.621	0.917	0.778	0.043	-0.526	-1.049	-1.845	-2.523	-2.618
	0.0080	2.51e+03	-0.599	0.881	0.788	0.077	-0.480	-0.993	-1.779	-2.450	-2.543
	0.0080	2.82e+03	-0.580	0.844	0.788	0.109	-0.432	-0.936	-1.710	-2.374	-2.467
	0.0080	3.16e+03	-0.562	0.814	0.793	0.145	-0.381	-0.875	-1.639	-2.297	-2.389
	0.0080	3.55e+03	-0.546	0.795	0.805	0.184	-0.328	-0.813	-1.567	-2.219	-2.309
	0.0080	3.98e+03	-0.532	0.784	0.823	0.226	-0.274	-0.750	-1.494	-2.140	-2.230
	0.0080	4.47e+03	-0.519	0.782	0.846	0.271	-0.217	-0.686	-1.420	-2.061	-2.150
	0.0080	5.01e+03	-0.508	0.786	0.874	0.319	-0.158	-0.619	-1.345	-1.980	-2.068
	0.0080	5.62e+03	-0.498	0.795	0.906	0.369	-0.098	-0.552	-1.268	-1.898	-1.985
	0.0080	6.31e+03	-0.490	0.811	0.944	0.422	-0.035	-0.483	-1.192	-1.816	-1.903
	0.0080	7.08e+03	-0.482	0.832	0.985	0.477	0.028	-0.414	-1.116	-1.735	-1.822
	0.0080	7.94e+03	-0.477	0.853	1.025	0.531	0.089	-0.346	-1.040	-1.654	-1.740
	0.0080	8.91e+03	-0.471	0.876	1.066	0.585	0.151	-0.278	-0.964	-1.572	-1.657
	0.0080	1.00e+04	-0.467	0.899	1.105	0.638	0.213	-0.209	-0.887	-1.490	-1.574
	0.0080	1.12e+04	-0.463	0.921	1.141	0.690	0.275	-0.140	-0.809	-1.406	-1.490
	0.0080	1.26e+04	-0.459	0.942	1.174	0.741	0.337	-0.070	-0.730	-1.321	-1.405
	0.0080	1.41e+04	-0.455	0.961	1.206	0.794	0.401	0.001	-0.649	-1.235	-1.318
	0.0080	1.58e+04	-0.449	0.984	1.245	0.851	0.469	0.076	-0.567	-1.148	-1.231
	0.0080	1.78e+04	-0.442	1.014	1.296	0.917	0.542	0.154	-0.482	-1.060	-1.142
	0.0080	2.00e+04	-0.434	1.050	1.355	0.986	0.616	0.233	-0.398	-0.972	-1.054
	0.0080	2.24e+04	-0.425	1.087	1.413	1.054	0.690	0.312	-0.314	-0.884	-0.965
	0.0080	2.51e+04	-0.417	1.120	1.467	1.119	0.762	0.388	-0.231	-0.796	-0.878
	0.0080	2.82e+04	-0.410	1.149	1.518	1.182	0.831	0.463	-0.150	-0.711	-0.792
	0.0080	3.16e+04	-0.405	1.177	1.568	1.243	0.900	0.537	-0.069	-0.626	-0.707
	0.0080	3.55e+04	-0.400	1.206	1.618	1.304	0.967	0.609	0.010	-0.543	-0.623
	0.0080	3.98e+04	-0.394	1.234	1.666	1.364	1.033	0.679	0.086	-0.463	-0.543
	0.0080	4.47e+04	-0.390	1.261	1.713	1.421	1.095	0.747	0.159	-0.386	-0.466
	0.0080	5.01e+04	-0.390	1.284	1.756	1.474	1.154	0.810	0.227	-0.314	-0.394
	0.0080	5.62e+04	-0.384	1.309	1.798	1.526	1.211	0.871	0.294	-0.245	-0.324
	0.0080	6.31e+04	-0.381	1.329	1.838	1.575	1.266	0.931	0.358	-0.177	-0.256
	0.0080	7.08e+04	-0.379	1.347	1.874	1.622	1.319	0.987	0.420	-0.113	-0.192
	0.0080	7.94e+04	-0.377	1.363	1.908	1.667	1.369	1.041	0.478	-0.052	-0.131
	0.0080	8.91e+04	-0.375	1.378	1.942	1.711	1.419	1.096	0.538	0.009	-0.069
	0.0080	1.00e+05	-0.373	1.390	1.973	1.755	1.469	1.151	0.599	0.072	-0.006
	0.0080	1.12e+05	-0.371	1.402	2.004	1.799	1.520	1.208	0.662	0.137	0.059
	0.0080	1.26e+05	-0.370	1.411	2.034	1.845	1.575	1.270	0.731	0.209	0.131
	0.0080	1.41e+05	-0.368	1.420	2.064	1.892	1.632	1.334	0.804	0.286	0.208
	0.0080	1.58e+05	-0.367	1.427	2.092	1.939	1.690	1.402	0.881	0.366	0.288
	0.0080	1.78e+05	-0.365	1.433	2.119	1.985	1.750	1.471	0.961	0.450	0.371
	0.0080	2.00e+05	-0.364	1.438	2.145	2.031	1.809	1.541	1.043	0.536	0.458
	0.0080	2.24e+05	-0.366	1.439	2.167	2.075	1.867	1.610	1.126	0.624	0.546
	0.0080	2.51e+05	-0.365	1.442	2.189	2.117	1.924	1.680	1.210	0.713	0.635
	0.0080	2.82e+05	-0.364	1.444	2.209	2.158	1.980	1.749	1.294	0.803	0.725
	0.0080	3.16e+05	-0.365	1.444	2.226	2.195	2.033	1.815	1.377	0.893	0.814
	0.0080	3.55e+05	-0.367	1.443	2.241	2.230	2.084	1.880	1.460	0.983	0.905
	0.0080	3.98e+05	-0.369	1.440	2.253	2.261	2.131	1.942	1.541	1.073	0.995
	0.0080	4.47e+05	-0.372	1.436	2.263	2.289	2.175	2.001	1.620	1.162	1.084
	0.0080	5.01e+05	-0.376	1.431	2.270	2.314	2.215	2.056	1.697	1.249	1.172
	0.0080	5.62e+05	-0.381	1.424	2.275	2.335	2.251	2.108	1.771	1.336	1.259
	0.0080	6.31e+05	-0.385	1.418	2.278	2.354	2.285	2.157	1.844	1.421	1.345
	0.0080	7.08e+05	-0.393	1.409	2.278	2.368	2.313	2.202	1.913	1.506	1.430
	0.0080	7.94e+05	-0.399	1.401	2.278	2.381	2.340	2.244	1.981	1.591	1.516
	0.0080	8.91e+05	-0.407	1.390	2.275	2.390	2.362	2.282	2.044	1.673	1.600
	0.0080	1.00e+06	-0.415	1.379	2.270	2.396	2.379	2.315	2.105	1.753	1.680
	0.0080	1.12e+06	-0.427	1.364	2.261	2.398	2.393	2.344	2.161	1.829	1.759
	0.0080	1.26e+06	-0.438	1.348	2.251	2.398	2.403	2.368	2.212	1.900	1.832
	0.0080	1.41e+06	-0.451	1.330	2.238	2.394	2.409	2.389	2.262	1.972	1.907
	0.0080	1.58e+06	-0.466	1.308	2.222	2.386	2.411	2.405	2.308	2.039	1.978
	0.0080	1.78e+06	-0.485	1.280	2.200	2.372	2.406	2.413	2.346	2.099	2.043
	0.0080	2.00e+06	-0.505	1.245	2.171	2.351	2.394	2.415	2.378	2.155	2.104
	0.0080	2.24e+06	-0.529	1.193	2.125	2.313	2.364	2.399	2.396	2.197	2.152
	0.0080	2.51e+06	-0.556	1.122	2.060	2.254	2.313	2.362	2.393	2.222	2.185
	0.0080	2.82e+06	-0.591	1.031	1.962	2.156	2.217	2.274	2.334	2.193	2.166
	0.0080	3.16e+06	-0.616	0.990	1.913	2.104	2.166	2.226	2.303	2.182	2.162
	0.0080	3.55e+06	-0.610	0.953	1.844	2.011	2.057	2.100	2.156	2.044	2.025
	0.0080	3.98e+06	-0.595	0.915	1.742	1.868	1.885	1.893	1.891	1.768	1.747
	0.0080	4.47e+06	-0.571	0.961	1.759	1.683	1.514	1.322	0.981	0.650	0.590
	0.0080	5.01e+06	-0.520	0.953	1.638	1.456	1.245	1.024	0.682	0.393	0.330
	0.0080	5.62e+06	-0.463	0.971	1.629	1.437	1.227	1.010	0.677	0.398	0.336
	0.0080	6.31e+06	-0.397	1.011	1.671	1.482	1.249	1.003	0.602	0.258	0.189
	0.0080	7.08e+06	-0.319	1.044	1.766	1.710	1.502	1.198	0.575	-0.054	-0.187
	0.0080	7.94e+06	-0.240	1.027	1.710	1.701	1.542	1.290	0.723	0.120	-0.013
	0.0080	8.91e+06	-0.155	1.062	1.751	1.739	1.591	1.362	0.850	0.293	0.167
	0.0080	1.00e+07	-0.057	1.106	1.806	1.798	1.682	1.521	1.168	0.759	0.667
	0.0080	1.12e+07	0.035	1.141	1.910	2.017	1.983	1.898	1.591	1.136	1.022
	0.0080	1.26e+07	0.131	1.222	2.002	2.114	2.078	1.985	1.648	1.160	1.037
	0.0080	1.41e+07	0.227	1.287	2.044	2.132	2.065	1.927	1.504	0.968	0.836
	0.0080	1.58e+07	0.335	1.350	2.014	2.045	1.934	1.753	1.282	0.741	0.610
	0.0080	1.78e+07	0.432	1.546	2.162	2.052	1.826	1.540	0.947	0.374	0.242
	0.0080	2.00e+07	0.537	1.675	2.362	2.283	2.006	1.641	0.886	0.205	0.055
	0.0080	2.24e+07	0.639	1.738	2.405	2.324	2.053	1.698	0.961	0.288	0.143
	0.0080	2.51e+07	0.740	1.803	2.447	2.358	2.090	1.746	1.029	0.367	0.230
	0.0080	2.82e+07	0.835	1.821	2.391	2.272	2.040	1.756	1.173	0.600	0.484
	0.0080	3.16e+07	0.927	1.778	2.302	2.276	2.119	1.898	1.378	0.818	0.705
	0.0080	3.55e+07	1.025	1.836	2.340	2.310	2.156	1.943	1.442	0.893	0.786
	0.0080	3.98e+07	1.131	1.902	2.389	2.363	2.218	2.018	1.543	1.010	0.910
	0.0080	4.47e+07	1.233	1.976	2.446	2.411	2.265	2.066	1.600	1.074	0.978
	0.0080	5.01e+07	1.341	2.053	2.506	2.468	2.324	2.129	1.678	1.162	1.071
	0.0080	5.62e+07	1.439	2.116	2.542	2.498	2.355	2.166	1.732	1.231	1.145
	0.0080	6.31e+07	1.534	2.176	2.571	2.520	2.380	2.196	1.780	1.298	1.217
	0.0080	7.08e+07	1.642	2.262	2.642	2.582	2.439	2.254	1.842	1.365	1.285
	0.0080	7.94e+07	1.744	2.344	2.704	2.633	2.485	2.295	1.880	1.405	1.324
	0.0080	8.91e+07	1.845	2.424	2.764	2.683	2.531	2.338	1.923	1.452	1.370
	0.0080	1.00e+08	1.951	2.508	2.831	2.739	2.584	2.390	1.983	1.523	1.443
	0.0080	1.12e+08	2.053	2.592	2.897	2.792	2.632	2.435	2.030	1.578	1.498
	0.0080	1.26e+08	2.157	2.681	2.972	2.853	2.686	2.483	2.077	1.629	1.549
	0.0080	1.41e+08	2.262	2.776	3.051	2.917	2.742	2.531	2.120	1.672	1.593
	0.0080	1.58e+08	2.368	2.876	3.133	2.986	2.801	2.582	2.161	1.711	1.630
	0.0080	1.78e+08	2.474	2.980	3.214	3.056	2.865	2.637	2.206	1.751	1.670
	0.0080	2.00e+08	2.581	3.082	3.291	3.127	2.932	2.699	2.258	1.797	1.715
	0.0080	2.24e+08	2.691	3.183	3.365	3.198	3.004	2.768	2.325	1.862	1.779
	0.0080	2.51e+08	2.802	3.287	3.441	3.270	3.075	2.839	2.393	1.929	1.846
	0.0080	2.82e+08	2.913	3.392	3.518	3.343	3.147	2.909	2.461	1.997	1.912
	0.0080	3.16e+08	3.025	3.500	3.596	3.415	3.219	2.981	2.536	2.076	1.992
	0.0080	3.55e+08	3.139	3.611	3.678	3.489	3.292	3.056	2.617	2.165	2.084
	0.0080	3.98e+08	3.256	3.725	3.762	3.564	3.367	3.133	2.703	2.263	2.185
	0.0080	4.47e+08	3.369	3.840	3.848	3.638	3.436	3.204	2.781	2.352	2.278
	0.0080	5.01e+08	3.480	3.960	3.939	3.712	3.505	3.271	2.852	2.431	2.361
	0.0080	5.62e+08	3.590	4.084	4.037	3.789	3.573	3.337	2.920	2.508	2.442
	0.0080	6.31e+08	3.699	4.211	4.142	3.871	3.645	3.404	2.988	2.583	2.521
	0.0080	7.08e+08	3.804	4.338	4.251	3.956	3.717	3.468	3.049	2.648	2.587
	0.0080	7.94e+08	3.904	4.471	4.370	4.044	3.790	3.529	3.100	2.694	2.634
	0.0080	8.91e+08	4.018	4.607	4.500	4.146	3.878	3.611	3.180	2.782	2.725
	0.0080	1.00e+09	4.113	4.741	4.631	4.241	3.953	3.671	3.228	2.824	2.766
	0.0080	1.12e+09	4.215	4.878	4.771	4.345	4.038	3.744	3.289	2.880	2.822
	0.0080	1.26e+09	4.303	5.009	4.904	4.441	4.113	3.804	3.336	2.919	2.861
	0.0080	1.41e+09	4.359	5.141	5.028	4.517	4.160	3.828	3.333	2.897	2.838
	0.0080	1.58e+09	4.274	5.256	5.105	4.512	4.095	3.712	3.134	2.623	2.552
	0.0080	1.78e+09	4.482	5.512	5.377	4.770	4.334	3.926	3.304	2.751	2.667
	0.0080	2.00e+09	4.556	5.672	5.525	4.881	4.420	3.989	3.337	2.761	2.671
	0.0080	2.24e+09	4.663	5.841	5.688	5.017	4.539	4.091	3.415	2.823	2.728
	0.0080	2.51e+09	4.760	6.003	5.837	5.137	4.644	4.181	3.488	2.884	2.785
	0.0080	2.82e+09	4.726	6.159	5.931	5.165	4.634	4.137	3.401	2.769	2.663
	0.0080	3.16e+09	4.859	6.323	6.083	5.308	4.772	4.268	3.525	2.890	2.782
	0.0080	3.55e+09	4.983	6.451	6.209	5.432	4.896	4.390	3.647	3.013	2.903
	0.0080	3.98e+09	5.078	6.591	6.334	5.541	4.998	4.484	3.731	3.090	2.979
	0.0080	4.47e+09	5.198	6.739	6.473	5.671	5.123	4.603	3.844	3.200	3.087
	0.0080	5.01e+09	5.354	6.895	6.629	5.826	5.278	4.757	3.999	3.358	3.243
	0.0080	5.62e+09	5.424	7.034	6.743	5.920	5.361	4.828	4.053	3.403	3.285
	0.0080	6.31e+09	5.517	7.173	6.858	6.022	5.456	4.917	4.137	3.485	3.366
	0.0080	7.08e+09	5.603	7.325	6.985	6.131	5.556	5.004	4.210	3.549	3.426
	0.0080	7.94e+09	5.699	7.475	7.109	6.241	5.657	5.099	4.296	3.631	3.507
	0.0080	8.91e+09	5.783	7.625	7.232	6.347	5.753	5.184	4.367	3.696	3.568
	0.0080	1.00e+10	5.882	7.779	7.360	6.462	5.861	5.284	4.457	3.782	3.652
	0.0080	1.12e+10	5.969	7.929	7.482	6.568	5.958	5.372	4.533	3.852	3.720
