Z	Age		mbol    U       B       V       R       I       J       H       K
	0.0106	3.98e+06	-0.546	0.911	1.740	1.873	1.896	1.913	1.928	1.810	1.790
	0.0106	4.47e+06	-0.519	0.910	1.754	1.854	1.825	1.772	1.600	1.312	1.260
	0.0106	5.01e+06	-0.475	0.988	1.795	1.699	1.494	1.262	0.821	0.414	0.339
	0.0106	5.62e+06	-0.420	1.023	1.775	1.579	1.313	1.036	0.564	0.167	0.089
	0.0106	6.31e+06	-0.356	1.057	1.800	1.606	1.341	1.064	0.592	0.193	0.113
	0.0106	7.08e+06	-0.285	1.105	1.880	1.722	1.450	1.150	0.589	0.114	0.013
	0.0106	7.94e+06	-0.225	1.117	1.813	1.613	1.352	1.069	0.580	0.154	0.064
	0.0106	8.91e+06	-0.136	1.175	1.867	1.672	1.414	1.133	0.643	0.213	0.122
	0.0106	1.00e+07	-0.040	1.270	2.026	1.893	1.601	1.247	0.553	-0.031	-0.176
	0.0106	1.12e+07	0.055	1.235	1.868	1.766	1.582	1.352	0.884	0.429	0.308
	0.0106	1.26e+07	0.141	1.142	1.748	1.794	1.718	1.573	1.176	0.701	0.563
	0.0106	1.41e+07	0.246	1.234	1.932	2.006	1.929	1.770	1.314	0.777	0.626
	0.0106	1.58e+07	0.345	1.305	1.974	2.026	1.926	1.740	1.242	0.688	0.534
	0.0106	1.78e+07	0.452	1.465	2.045	2.010	1.845	1.598	1.037	0.480	0.331
	0.0106	2.00e+07	0.560	1.643	2.299	2.194	1.935	1.599	0.917	0.306	0.157
	0.0106	2.24e+07	0.659	1.692	2.319	2.212	1.970	1.658	1.017	0.425	0.281
	0.0106	2.51e+07	0.754	1.707	2.271	2.184	1.978	1.705	1.118	0.551	0.412
	0.0106	2.82e+07	0.855	1.722	2.236	2.193	2.023	1.782	1.228	0.668	0.533
	0.0106	3.16e+07	0.970	1.768	2.298	2.285	2.142	1.930	1.419	0.871	0.744
	0.0106	3.55e+07	1.070	1.831	2.335	2.318	2.178	1.974	1.482	0.948	0.828
	0.0106	3.98e+07	1.175	1.897	2.380	2.363	2.230	2.038	1.574	1.055	0.943
	0.0106	4.47e+07	1.279	1.974	2.435	2.410	2.276	2.084	1.629	1.118	1.010
	0.0106	5.01e+07	1.388	2.053	2.495	2.464	2.330	2.144	1.703	1.203	1.101
	0.0106	5.62e+07	1.492	2.130	2.551	2.511	2.376	2.191	1.761	1.272	1.175
	0.0106	6.31e+07	1.591	2.202	2.595	2.544	2.406	2.222	1.801	1.324	1.231
	0.0106	7.08e+07	1.692	2.276	2.645	2.582	2.442	2.261	1.857	1.398	1.310
	0.0106	7.94e+07	1.794	2.366	2.722	2.643	2.494	2.300	1.879	1.411	1.319
	0.0106	8.91e+07	1.897	2.450	2.790	2.696	2.540	2.342	1.925	1.464	1.375
	0.0106	1.00e+08	2.003	2.540	2.866	2.758	2.595	2.391	1.973	1.516	1.427
	0.0106	1.12e+08	2.107	2.631	2.941	2.820	2.650	2.441	2.022	1.570	1.482
	0.0106	1.26e+08	2.214	2.729	3.022	2.888	2.709	2.491	2.065	1.612	1.524
	0.0106	1.41e+08	2.320	2.829	3.100	2.958	2.772	2.547	2.109	1.650	1.562
	0.0106	1.58e+08	2.427	2.930	3.176	3.029	2.839	2.609	2.161	1.696	1.608
	0.0106	1.78e+08	2.535	3.027	3.247	3.097	2.906	2.672	2.219	1.749	1.660
	0.0106	2.00e+08	2.646	3.127	3.318	3.166	2.977	2.744	2.290	1.820	1.730
	0.0106	2.24e+08	2.757	3.228	3.390	3.236	3.048	2.815	2.363	1.896	1.806
	0.0106	2.51e+08	2.866	3.332	3.464	3.304	3.116	2.882	2.429	1.964	1.872
	0.0106	2.82e+08	2.974	3.439	3.539	3.372	3.183	2.947	2.494	2.030	1.938
	0.0106	3.16e+08	3.086	3.549	3.618	3.443	3.252	3.018	2.569	2.112	2.022
	0.0106	3.55e+08	3.200	3.663	3.700	3.515	3.323	3.090	2.648	2.201	2.114
	0.0106	3.98e+08	3.313	3.780	3.786	3.589	3.393	3.160	2.725	2.286	2.203
	0.0106	4.47e+08	3.426	3.899	3.876	3.663	3.462	3.229	2.801	2.373	2.294
	0.0106	5.01e+08	3.534	4.022	3.972	3.738	3.528	3.293	2.866	2.445	2.370
	0.0106	5.62e+08	3.640	4.151	4.075	3.818	3.597	3.355	2.925	2.506	2.432
	0.0106	6.31e+08	3.746	4.284	4.188	3.903	3.669	3.418	2.982	2.564	2.492
	0.0106	7.08e+08	3.853	4.421	4.310	3.994	3.744	3.485	3.046	2.632	2.563
	0.0106	7.94e+08	3.961	4.558	4.438	4.089	3.824	3.557	3.118	2.710	2.644
	0.0106	8.91e+08	4.062	4.693	4.569	4.184	3.899	3.622	3.178	2.773	2.711
	0.0106	1.00e+09	4.170	4.835	4.712	4.291	3.988	3.699	3.249	2.843	2.783
	0.0106	1.12e+09	4.266	4.978	4.856	4.396	4.070	3.767	3.302	2.888	2.828
	0.0106	1.26e+09	4.351	5.119	4.995	4.496	4.147	3.825	3.338	2.910	2.848
	0.0106	1.41e+09	4.364	5.247	5.101	4.544	4.157	3.807	3.282	2.824	2.758
	0.0106	1.58e+09	4.308	5.375	5.192	4.560	4.122	3.728	3.131	2.614	2.537
	0.0106	1.78e+09	4.525	5.630	5.466	4.825	4.372	3.953	3.316	2.760	2.671
	0.0106	2.00e+09	4.617	5.798	5.624	4.954	4.482	4.039	3.373	2.795	2.698
	0.0106	2.24e+09	4.702	5.965	5.776	5.075	4.584	4.120	3.426	2.829	2.726
	0.0106	2.51e+09	4.800	6.139	5.932	5.204	4.698	4.215	3.498	2.886	2.777
	0.0106	2.82e+09	4.855	6.303	6.056	5.288	4.762	4.262	3.526	2.903	2.791
	0.0106	3.16e+09	4.909	6.486	6.193	5.386	4.837	4.313	3.548	2.908	2.790
	0.0106	3.55e+09	5.033	6.623	6.323	5.515	4.965	4.438	3.668	3.027	2.906
	0.0106	3.98e+09	5.141	6.766	6.454	5.636	5.081	4.546	3.767	3.121	2.999
	0.0106	4.47e+09	5.229	6.916	6.581	5.744	5.180	4.634	3.842	3.189	3.063
	0.0106	5.01e+09	5.307	7.064	6.701	5.846	5.270	4.713	3.906	3.246	3.117
	0.0106	5.62e+09	5.498	7.238	6.877	6.027	5.456	4.903	4.100	3.445	3.315
	0.0106	6.31e+09	5.564	7.385	6.988	6.119	5.536	4.970	4.152	3.488	3.355
	0.0106	7.08e+09	5.654	7.536	7.109	6.222	5.631	5.059	4.232	3.565	3.430
	0.0106	7.94e+09	5.747	7.687	7.230	6.329	5.730	5.151	4.316	3.646	3.510
	0.0106	8.91e+09	5.831	7.844	7.358	6.440	5.831	5.240	4.387	3.709	3.568
	0.0106	1.00e+10	5.921	7.998	7.480	6.547	5.930	5.330	4.467	3.785	3.643
	0.0106	1.12e+10	6.008	8.156	7.606	6.658	6.031	5.422	4.543	3.855	3.709
	0.0106	1.26e+10	6.090	8.313	7.727	6.762	6.126	5.508	4.614	3.920	3.772
